%YAML:1.0
Dataset: test_data
Model: SFS1
Distance: SMD_GD_L2_M0_D1_C0_L1
VideoID: 102
StartFrameNr: 0
FrameCount: 250
Clazz: 25
AP: 5.0476193428039551e-01
ResultCount: 12
Data:
   -
      VideoFileName: "102.mp4_0-0009"
      VideoID: 102
      StartFrameNr: 0
      FrameCount: 250
      Clazz: 25
      Distance: 0.
      Matches: 1.
   -
      VideoFileName: "11.mp4_185193-0025"
      VideoID: 11
      StartFrameNr: 185193
      FrameCount: 250
      Clazz: 2
      Distance: 2.0729072093963623e+00
      Matches: 5.0000000000000000e-01
   -
      VideoFileName: "104.mp4_37470-0004"
      VideoID: 104
      StartFrameNr: 37470
      FrameCount: 250
      Clazz: 3
      Distance: 2.1654825210571289e+00
      Matches: 3.3333334326744080e-01
   -
      VideoFileName: "104.mp4_20186-0004"
      VideoID: 104
      StartFrameNr: 20186
      FrameCount: 250
      Clazz: 3
      Distance: 2.2332260608673096e+00
      Matches: 2.5000000000000000e-01
   -
      VideoFileName: "1.mp4_17084-0001"
      VideoID: 1
      StartFrameNr: 17084
      FrameCount: 192
      Clazz: 3
      Distance: 2.2597336769104004e+00
      Matches: 2.0000000298023224e-01
   -
      VideoFileName: "1.mp4_18181-0002"
      VideoID: 1
      StartFrameNr: 18181
      FrameCount: 232
      Clazz: 3
      Distance: 2.2838013172149658e+00
      Matches: 1.6666667163372040e-01
   -
      VideoFileName: "144.mp4_4-0022"
      VideoID: 144
      StartFrameNr: 4
      FrameCount: 55
      Clazz: 25
      Distance: 2.3471379280090332e+00
      Matches: 2.8571429848670959e-01
   -
      VideoFileName: "1.mp4_113587-0009"
      VideoID: 1
      StartFrameNr: 113587
      FrameCount: 250
      Clazz: 2
      Distance: 2.4124109745025635e+00
      Matches: 2.5000000000000000e-01
   -
      VideoFileName: "101.mp4_13113-0009"
      VideoID: 101
      StartFrameNr: 13113
      FrameCount: 250
      Clazz: 25
      Distance: 2.4192266464233398e+00
      Matches: 3.3333334326744080e-01
   -
      VideoFileName: "101.mp4_13113-0007"
      VideoID: 101
      StartFrameNr: 13113
      FrameCount: 250
      Clazz: 25
      Distance: 2.4845709800720215e+00
      Matches: 4.0000000596046448e-01
   -
      VideoFileName: "11.mp4_185193-0027"
      VideoID: 11
      StartFrameNr: 185193
      FrameCount: 250
      Clazz: 2
      Distance: 2.5019702911376953e+00
      Matches: 3.6363637447357178e-01
   -
      VideoFileName: "1.mp4_113587-0002"
      VideoID: 1
      StartFrameNr: 113587
      FrameCount: 250
      Clazz: 2
      Distance: 2.7211723327636719e+00
      Matches: 3.3333334326744080e-01
