%YAML:1.0
Dataset: test_data
Model: SFS1
Distance: SMD_GD_L2_M0_D1_C0_L1
VideoID: 1
StartFrameNr: 17084
FrameCount: 192
Clazz: 3
AP: 5.8214282989501953e-01
ResultCount: 12
Data:
   -
      VideoFileName: "1.mp4_17084-0001"
      VideoID: 1
      StartFrameNr: 17084
      FrameCount: 192
      Clazz: 3
      Distance: 0.
      Matches: 1.
   -
      VideoFileName: "1.mp4_113587-0002"
      VideoID: 1
      StartFrameNr: 113587
      FrameCount: 250
      Clazz: 2
      Distance: 1.4666314125061035e+00
      Matches: 5.0000000000000000e-01
   -
      VideoFileName: "11.mp4_185193-0027"
      VideoID: 11
      StartFrameNr: 185193
      FrameCount: 250
      Clazz: 2
      Distance: 1.4872955083847046e+00
      Matches: 3.3333334326744080e-01
   -
      VideoFileName: "11.mp4_185193-0025"
      VideoID: 11
      StartFrameNr: 185193
      FrameCount: 250
      Clazz: 2
      Distance: 1.5479521751403809e+00
      Matches: 2.5000000000000000e-01
   -
      VideoFileName: "104.mp4_37470-0004"
      VideoID: 104
      StartFrameNr: 37470
      FrameCount: 250
      Clazz: 3
      Distance: 1.5770332813262939e+00
      Matches: 4.0000000596046448e-01
   -
      VideoFileName: "1.mp4_113587-0009"
      VideoID: 1
      StartFrameNr: 113587
      FrameCount: 250
      Clazz: 2
      Distance: 1.6077075004577637e+00
      Matches: 3.3333334326744080e-01
   -
      VideoFileName: "1.mp4_18181-0002"
      VideoID: 1
      StartFrameNr: 18181
      FrameCount: 232
      Clazz: 3
      Distance: 1.6705782413482666e+00
      Matches: 4.2857143282890320e-01
   -
      VideoFileName: "104.mp4_20186-0004"
      VideoID: 104
      StartFrameNr: 20186
      FrameCount: 250
      Clazz: 3
      Distance: 1.6954840421676636e+00
      Matches: 5.0000000000000000e-01
   -
      VideoFileName: "102.mp4_0-0009"
      VideoID: 102
      StartFrameNr: 0
      FrameCount: 250
      Clazz: 25
      Distance: 1.8684822320938110e+00
      Matches: 4.4444444775581360e-01
   -
      VideoFileName: "144.mp4_4-0022"
      VideoID: 144
      StartFrameNr: 4
      FrameCount: 55
      Clazz: 25
      Distance: 1.9603374004364014e+00
      Matches: 4.0000000596046448e-01
   -
      VideoFileName: "101.mp4_13113-0007"
      VideoID: 101
      StartFrameNr: 13113
      FrameCount: 250
      Clazz: 25
      Distance: 2.1473028659820557e+00
      Matches: 3.6363637447357178e-01
   -
      VideoFileName: "101.mp4_13113-0009"
      VideoID: 101
      StartFrameNr: 13113
      FrameCount: 250
      Clazz: 25
      Distance: 2.2816517353057861e+00
      Matches: 3.3333334326744080e-01
