%YAML:1.0
Dataset: data_mtap-v1_2
Model: "DFS2_SFS1_8000_random_40_5_2_0.01_0_0_5"
FeatureCount: 1
Data:
   -
      VideoFileName: "1.mp4_5660"
      VideoID: 1
      StartFrameNr: 5660
      FrameCount: 4074
      Clazz: 5
      Features: !!opencv-matrix
         rows: 40
         cols: 9
         dt: f
         data: [ 1.31138638e-01, 1.54465035e-01, 2.62960136e-01,
             5.46810150e-01, 5.12140632e-01, 6.08456461e-03,
             1.96139425e-01, 1.29339797e-02, 9.72613454e-01,
             3.69256109e-01, 5.11083484e-01, 3.40180457e-01,
             5.58028162e-01, 5.00269055e-01, 3.76098193e-02,
             5.25662303e-01, 2.20507279e-01, 3.90062600e-01,
             6.80457413e-01, 7.11669147e-01, 5.31932175e-01,
             5.74078262e-01, 4.92516965e-01, 5.79906115e-03,
             2.11332753e-01, 4.29683805e-01, 1.27543032e-01,
             1.18323818e-01, 8.08548152e-01, 2.99893677e-01,
             5.48162937e-01, 5.06610751e-01, 7.71910744e-03,
             1.90026999e-01, 1.27836205e-02, 9.51095462e-01,
             9.33521330e-01, 7.67322958e-01, 3.92240047e-01,
             5.58493376e-01, 5.11918128e-01, 2.09240876e-02,
             1.54006302e-01, 3.54895443e-01, 1.20500781e-01,
             4.56258655e-01, 6.83312237e-01, 3.52836937e-01,
             5.69248259e-01, 5.01769066e-01, 1.70008615e-02,
             3.69441509e-01, 8.79858911e-01, 4.17840362e-01,
             5.21772325e-01, 7.22428620e-01, 4.37023312e-01,
             5.66235721e-01, 4.93833721e-01, 8.63745362e-02,
             6.85153067e-01, 2.46590912e-01, 2.33959302e-01,
             7.23900974e-01, 4.90126640e-01, 5.57184398e-01,
             5.70185781e-01, 5.05743682e-01, 6.66573457e-03,
             2.33894616e-01, 1.57254282e-02, 6.18153334e-01,
             4.65895653e-01, 9.40529406e-01, 2.36009121e-01,
             5.54513514e-01, 5.00165462e-01, 2.60564297e-01,
             5.43604314e-01, 1.18164932e-02, 2.59780914e-01,
             8.87198091e-01, 7.23786652e-01, 4.76502210e-01,
             5.74603796e-01, 5.08077383e-01, 3.18308622e-02,
             4.47340667e-01, 1.10228704e-02, 5.07824719e-01,
             6.81147933e-01, 8.69509161e-01, 4.65054482e-01,
             5.74660182e-01, 4.95438963e-01, 3.23928855e-02,
             3.91673505e-01, 1.72286853e-02, 5.71205020e-01,
             1.63524881e-01, 3.62033486e-01, 3.66813898e-01,
             5.54256916e-01, 5.02013862e-01, 2.57821549e-02,
             4.26572293e-01, 1.50524033e-02, 8.87715161e-01,
             4.55166548e-01, 6.84805214e-01, 5.86420774e-01,
             5.58927059e-01, 4.76628274e-01, 5.52532554e-01,
             8.95514250e-01, 7.73489252e-02, 2.12050080e-01,
             8.10981333e-01, 3.30156565e-01, 2.26179942e-01,
             5.25162518e-01, 5.00316322e-01, 1.68895889e-02,
             2.22852275e-01, 4.80172068e-01, 1.25978082e-01,
             3.08680803e-01, 1.50954947e-01, 2.95277596e-01,
             5.51793575e-01, 5.08246303e-01, 6.58842130e-03,
             2.19627485e-01, 7.17858791e-01, 3.38028163e-01,
             2.41519392e-01, 5.68722188e-01, 3.71779084e-01,
             5.59626341e-01, 5.16828835e-01, 5.20597957e-03,
             1.93566456e-01, 7.00404868e-03, 7.43348956e-01,
             8.54105473e-01, 1.47913292e-01, 6.38432145e-01,
             5.76878369e-01, 5.24711788e-01, 6.31868020e-02,
             6.36769295e-01, 1.40923159e-02, 4.89045382e-01,
             3.06577295e-01, 8.52386594e-01, 3.58586639e-01,
             5.67045808e-01, 5.06427407e-01, 2.05214005e-02,
             3.30931991e-01, 4.69340710e-03, 9.87480402e-01,
             3.10623854e-01, 5.00986278e-01, 4.29019094e-01,
             5.50143123e-01, 4.94367868e-01, 1.36784002e-01,
             7.17270076e-01, 8.73380959e-01, 1.83489829e-01,
             7.00568974e-01, 6.11084044e-01, 5.63267767e-01,
             5.73127687e-01, 4.99488026e-01, 6.71039820e-02,
             5.91224313e-01, 8.74182582e-01, 2.39436612e-01,
             7.74144411e-01, 6.06540084e-01, 5.69656432e-01,
             5.71430743e-01, 4.99811858e-01, 1.58000160e-02,
             3.70848596e-01, 2.50103951e-01, 2.16353670e-01,
             4.49804753e-01, 1.40594110e-01, 3.76494318e-01,
             5.63491583e-01, 5.07690787e-01, 6.40196959e-03,
             2.38659084e-01, 6.41025789e-03, 1., 9.44773912e-01,
             3.54434788e-01, 2.24565148e-01, 5.28440535e-01,
             5.03047705e-01, 9.35730189e-02, 3.45040292e-01,
             2.75919810e-02, 2.15962440e-01, 6.61078036e-01,
             5.34786701e-01, 6.21588111e-01, 5.71618319e-01,
             4.93986160e-01, 3.64945754e-02, 5.23191333e-01,
             3.32942680e-02, 5.12519538e-01, 8.21896911e-01,
             8.96580696e-01, 4.22026634e-01, 5.69110632e-01,
             5.00214517e-01, 4.85905595e-02, 3.27088058e-01,
             4.07915145e-01, 1.75665095e-01, 3.89963984e-01,
             3.06047916e-01, 5.20383537e-01, 5.58157980e-01,
             4.97879297e-01, 6.24200888e-02, 5.64999402e-01,
             5.50095558e-01, 1.73317686e-01, 7.91293621e-01,
             2.62321204e-01, 4.11641926e-01, 5.47381163e-01,
             5.07067621e-01, 9.55808908e-02, 6.94965005e-01,
             6.60448134e-01, 1.04851328e-01, 6.72591925e-01,
             2.99486935e-01, 2.77692139e-01, 5.40112197e-01,
             4.98450816e-01, 1.43046873e-02, 3.75574708e-01,
             3.04734111e-02, 3.05164307e-01, 7.06000209e-01,
             1.39279768e-01, 5.55708349e-01, 5.65444112e-01,
             5.09288847e-01, 2.04550121e-02, 4.23765451e-01,
             8.14830303e-01, 1.96009383e-01, 7.95149565e-01,
             7.09083974e-01, 5.52009046e-01, 5.71510255e-01,
             5.00014126e-01, 3.11872270e-02, 4.10125375e-01,
             6.56955063e-01, 1.69405326e-01, 5.60055017e-01,
             2.94148773e-01, 3.80318612e-01, 5.46315789e-01,
             4.98279899e-01, 6.50498718e-02, 6.71361327e-01,
             3.75730358e-02, 3.55633795e-01, 2.75238633e-01,
             6.27733111e-01, 3.83445203e-01, 5.58705151e-01,
             4.98222202e-01, 7.65700778e-03, 2.41610944e-01,
             3.91263813e-01, 3.25899839e-01, 1.72184572e-01,
             4.52748179e-01, 3.44323426e-01, 5.46660066e-01,
             4.97718334e-01, 1.12488009e-02, 2.96884537e-01,
             8.64054382e-01, 2.48826295e-01, 8.77012253e-01,
             1.61245123e-01, 6.38415396e-01, 5.71420431e-01,
             5.29905438e-01, 1.34712458e-02, 2.98525184e-01,
             4.15266026e-03, 4.56572771e-01, 8.98375988e-01,
             8.90419066e-01, 3.40698987e-01, 5.67424774e-01,
             5.05834937e-01, 3.03662065e-02, 2.46325970e-01,
             9.24650393e-03, 4.58920181e-01, 5.83997846e-01,
             5.24819732e-01, 4.91129637e-01, 5.55729985e-01,
             4.88619626e-01, 1.51037598e+00, 8.36221159e-01,
             1.19090185e-01, 1.17762126e-01, 4.47949529e-01,
             8.32478821e-01, 3.28582972e-01, 5.70098341e-01,
             4.98531491e-01, 2.95260828e-02, 4.13950533e-01,
             4.37233090e-01, 2.40219086e-01, 8.59823525e-01,
             5.03344536e-01, 5.63807249e-01, 5.76995373e-01,
             5.04121244e-01, 1.21785112e-01, 6.50103867e-01,
             5.70959635e-02, 3.65805954e-01, 8.66772294e-01,
             3.69791806e-01, 1.53050765e-01, 5.09538710e-01,
             4.96564388e-01, 2.44977954e-03, 5.13277389e-02,
             2.56410316e-02, 1.38497651e-01, 6.37323618e-01,
             1.22005813e-01, 5.98189592e-01, 5.71361899e-01,
             5.07010698e-01, 1.23814456e-02, 3.83083791e-01,
             1.48981521e-02, 4.94913936e-01 ]
