%YAML:1.0
SamplePoints:
   Distribution: 0
   SamplesCnt: 1000
   SamplePoints: [ 2.81317443e-01, 7.67207086e-01, 6.48537159e-01,
       1.77070647e-01, 5.33070922e-01, 2.28295609e-01, 2.60582924e-01,
       7.14852333e-01, 2.96321869e-01, 7.12880716e-02, 2.89189536e-02,
       3.55309486e-01, 1.70942992e-01, 1.65337473e-02, 3.53282660e-01,
       9.68881249e-01, 6.44406438e-01, 9.67088819e-01, 1.11700237e-01,
       8.69368911e-01, 9.85383987e-02, 5.56954920e-01, 4.79923666e-01,
       7.37039745e-01, 7.36603618e-01, 7.47365117e-01, 3.25556658e-02,
       2.61097878e-01, 1.29746716e-03, 8.19332600e-02, 2.21853033e-01,
       8.22556555e-01, 4.04595226e-01, 8.15828860e-01, 3.35310578e-01,
       2.95455396e-01, 6.25696123e-01, 9.45867300e-02, 2.30978653e-01,
       6.36265337e-01, 1.11314729e-01, 6.35076702e-01, 4.26394790e-01,
       1.86233610e-01, 2.76505977e-01, 7.06551552e-01, 4.75741386e-01,
       2.77941436e-01, 1.02133244e-01, 1.19984098e-01, 6.79713726e-01,
       8.00783992e-01, 2.82921284e-01, 8.22422087e-01, 6.18696332e-01,
       6.92859113e-01, 1.88939914e-01, 2.89235443e-01, 2.03826368e-01,
       7.34347939e-01, 5.91231048e-01, 8.56754780e-01, 6.47016764e-01,
       6.43318594e-01, 7.04969645e-01, 4.61603217e-02, 3.28246981e-01,
       1.98103294e-01, 9.20041978e-01, 9.85605717e-01, 3.34196717e-01,
       9.57953408e-02, 9.76217866e-01, 8.12114894e-01, 4.99812484e-01,
       1.71774074e-01, 7.77612925e-01, 5.95692873e-01, 2.31135771e-01,
       8.22120830e-02, 7.34776631e-02, 6.33078575e-01, 6.28247380e-01,
       5.48436165e-01, 4.35799718e-01, 4.32200998e-01, 5.71073949e-01,
       2.82405078e-01, 2.10211635e-01, 7.06461668e-01, 9.41350996e-01,
       6.25539524e-03, 7.95401871e-01, 5.86161256e-01, 4.53392684e-01,
       8.90241385e-01, 8.88823792e-02, 1.46840885e-01, 5.99949300e-01,
       9.95705426e-01, 6.76180542e-01, 3.38117629e-01, 2.29756370e-01,
       3.99686486e-01, 3.75320137e-01, 4.65052910e-02, 3.50115240e-01,
       3.18644553e-01, 6.43431485e-01, 7.29104519e-01, 3.08139592e-01,
       5.62824190e-01, 3.35346013e-01, 4.59252208e-01, 5.23877382e-01,
       8.48251998e-01, 9.16862711e-02, 7.14700580e-01, 4.56825584e-01,
       7.09626436e-01, 8.30687210e-02, 6.23632967e-01, 8.28187287e-01,
       2.44537611e-02, 4.59468365e-01, 1.13386288e-01, 7.69531906e-01,
       6.59937620e-01, 9.41305459e-01, 8.16657603e-01, 9.97194126e-02,
       2.07991526e-02, 4.82784122e-01, 2.62587696e-01, 3.04640234e-01,
       2.45286793e-01, 3.99254441e-01, 7.81246006e-01, 8.66026506e-02,
       5.67042947e-01, 8.65146101e-01, 6.16763949e-01, 8.62439692e-01,
       6.81410611e-01, 6.92005277e-01, 7.25135684e-01, 2.67029226e-01,
       3.79591882e-01, 5.72074540e-02, 1.66712224e-01, 8.86106074e-01,
       4.65437829e-01, 8.04197073e-01, 5.19526303e-01, 9.58221853e-01,
       8.00761580e-01, 1.89018041e-01, 1.05945610e-01, 6.76044345e-01,
       6.80858910e-01, 4.66926217e-01, 5.61024606e-01, 4.92312998e-01,
       3.47223431e-01, 6.98147416e-01, 8.34437788e-01, 7.23375082e-01,
       6.55193627e-01, 2.85467386e-01, 2.18733639e-01, 8.99781466e-01,
       3.18665475e-01, 5.94692886e-01, 1.38085663e-01, 5.88944614e-01,
       7.82949805e-01, 3.27194840e-01, 7.81028688e-01, 7.51790047e-01,
       4.32335943e-01, 8.65267217e-01, 4.48500633e-01, 2.66330570e-01,
       3.19759011e-01, 6.46615565e-01, 5.35203040e-01, 2.46113881e-01,
       8.24427724e-01, 8.05653036e-01, 4.65017468e-01, 5.74279845e-01,
       8.79316479e-02, 6.72951937e-01, 4.58379239e-02, 4.10980493e-01,
       1.88904017e-01, 9.60173309e-01, 9.26627040e-01, 1.82271376e-01,
       2.65712589e-02, 9.77209508e-01, 1.65481910e-01, 6.41928434e-01,
       7.97798872e-01, 2.67565876e-01, 3.80662441e-01, 7.15213656e-01,
       8.53868872e-02, 7.96990156e-01, 5.95781326e-01, 5.48262835e-01,
       1.59542903e-01, 3.42680156e-01, 7.98931539e-01, 6.47697031e-01,
       3.45044136e-01, 9.14380312e-01, 1.85201272e-01, 9.99803841e-01,
       5.20950317e-01, 7.26587236e-01, 8.49878192e-01, 1.05353296e-01,
       5.58035560e-02, 6.38164222e-01, 8.00809622e-01, 5.87269962e-01,
       2.66690552e-01, 9.90029335e-01, 3.55287313e-01, 2.62804598e-01,
       4.70313042e-01, 3.37938756e-01, 3.62487346e-01, 2.94007450e-01,
       8.38315904e-01, 4.87365842e-01, 6.29891872e-01, 3.83198351e-01,
       5.34964681e-01, 9.44201171e-01, 6.48882687e-02, 4.61402118e-01,
       6.50912523e-01, 8.83180380e-01, 3.82520705e-01, 9.90113676e-01,
       2.04933524e-01, 2.19046339e-01, 6.26309574e-01, 6.20266736e-01,
       2.49460638e-01, 1.17238708e-01, 8.33487362e-02, 6.24490738e-01,
       5.22074342e-01, 1.17678151e-01, 3.57333496e-02, 9.78231728e-01,
       2.77292490e-01, 4.55363244e-01, 5.46711922e-01, 2.27262586e-01,
       8.78829539e-01, 7.89970636e-01, 3.92921805e-01, 4.67830598e-01,
       9.04715002e-01, 6.50396287e-01, 4.70861971e-01, 5.19428253e-01,
       5.28739095e-01, 7.20471561e-01, 4.54985559e-01, 3.62042487e-01,
       8.10604393e-01, 5.13076365e-01, 9.89280164e-01, 9.54360127e-01,
       7.74155974e-01, 2.73992956e-01, 9.28412974e-02, 5.82674006e-03,
       9.20638084e-01, 7.18012750e-01, 6.93301409e-02, 2.92364627e-01,
       9.00781453e-01, 8.73298526e-01, 4.75601375e-01, 5.46278536e-01,
       4.12277609e-01, 5.09553432e-01, 1.47547543e-01, 3.54373157e-01,
       4.19137895e-01, 8.76286685e-01, 6.13118529e-01, 8.69824529e-01,
       1.78305268e-01, 3.26698065e-01, 4.79116701e-02, 7.74599493e-01,
       2.82143299e-02, 9.36557293e-01, 2.12223113e-01, 3.73135358e-01,
       7.07748719e-03, 4.76830482e-01, 7.87814930e-02, 1.79234251e-01,
       2.54977584e-01, 5.07881165e-01, 7.99723029e-01, 9.41418767e-01,
       3.68432015e-01, 7.16073513e-01, 7.67044604e-01, 7.08050370e-01,
       7.79408038e-01, 7.45283008e-01, 9.51202393e-01, 8.46279323e-01,
       5.82384050e-01, 8.43031168e-01, 1.19654842e-01, 7.15169728e-01,
       4.05353159e-01, 6.63615584e-01, 5.44654056e-02, 1.54689416e-01,
       4.87186790e-01, 1.54365420e-01, 7.86131740e-01, 4.54411328e-01,
       1.86943978e-01, 1.13075688e-01, 9.29429904e-02, 9.35496092e-01,
       9.31920350e-01, 2.97811270e-01, 4.34339762e-01, 6.98246956e-02,
       7.07511842e-01, 7.81229258e-01, 2.92996258e-01, 9.72409070e-01,
       4.13952142e-01, 7.27703571e-01, 8.25659633e-01, 3.44968706e-01,
       5.81150591e-01, 9.58456814e-01, 8.08074176e-01, 3.55318636e-01,
       1.97315812e-02, 3.19103032e-01, 9.20816541e-01, 7.16318309e-01,
       3.94590944e-01, 2.20129102e-01, 6.67611361e-01, 7.46614754e-01,
       6.73439801e-02, 8.33146740e-04, 4.77190018e-01, 5.67497611e-01,
       3.93440187e-01, 6.25083387e-01, 1.44757092e-01, 7.00004876e-01,
       8.78566027e-01, 8.98762465e-01, 9.62960005e-01, 7.71951616e-01,
       3.77928197e-01, 6.33166313e-01, 2.20874950e-01, 7.05505192e-01,
       6.60504580e-01, 3.63617361e-01, 4.95517343e-01, 9.55401599e-01,
       2.66212195e-01, 4.73935783e-01, 1.83549985e-01, 9.71100986e-01,
       4.22727317e-01, 7.68935323e-01, 8.33012581e-01, 8.32873285e-01,
       1.00061387e-01, 8.24457407e-01, 3.93934160e-01, 3.48602355e-01,
       3.51445787e-02, 7.85809830e-02, 6.23807371e-01, 6.38737500e-01,
       5.95108509e-01, 4.05960411e-01, 4.41602647e-01, 5.43653369e-01,
       2.30124265e-01, 4.01480079e-01, 4.91402507e-01, 6.00279748e-01,
       7.96183288e-01, 4.29063767e-01, 4.72893655e-01, 8.11680734e-01,
       4.19398904e-01, 8.31414044e-01, 8.36709261e-01, 7.09121346e-01,
       7.59635806e-01, 8.16244006e-01, 9.90912795e-01, 9.11353528e-01,
       7.78852820e-01, 8.32873166e-01, 1.64674073e-01, 4.56995726e-01,
       2.95158803e-01, 2.09682643e-01, 8.30399156e-01, 9.91824269e-01,
       9.35192943e-01, 3.38508219e-01, 7.41051435e-01, 1.38790369e-01,
       3.37402433e-01, 6.13664985e-01, 1.49080679e-01, 6.04629695e-01,
       4.20051992e-01, 7.51594603e-01, 1.67169333e-01, 5.88169754e-01,
       8.70053053e-01, 3.00653726e-01, 2.42528528e-01, 3.86419594e-01,
