%YAML:1.0
SamplePoints:
   Distribution: 0
   SamplesCnt: 50
   SamplePoints: [ 4.30312306e-01, 8.37126732e-01, 9.14659321e-01,
       4.16397244e-01, 1.74523503e-01, 5.68672955e-01, 5.88635445e-01,
       4.42120314e-01, 3.04502219e-01, 1.54511571e-01, 9.57168937e-01,
       7.90551007e-01, 1.83429107e-01, 9.42337394e-01, 8.78791034e-01,
       9.55002308e-01, 8.00252259e-01, 7.91917145e-01, 8.87584031e-01,
       5.85169196e-01, 9.25718188e-01, 7.63848186e-01, 5.81269339e-02,
       3.93865049e-01, 2.86688775e-01, 7.87013650e-01, 1.40238358e-02,
       4.25305992e-01, 7.54213095e-01, 7.62126327e-01, 1.00323230e-01,
       4.06593643e-02, 2.03222260e-01, 9.46116328e-01, 2.74577349e-01,
       1.29532754e-01, 2.81198293e-01, 2.96949089e-01, 5.73589385e-01,
       3.93329054e-01, 2.49537714e-02, 1.17009625e-01, 6.97151721e-01,
       7.45280743e-01, 8.95305693e-01, 3.27776700e-01, 3.19859922e-01,
       6.66365862e-01, 8.69292140e-01, 1.79147512e-01, 9.41471159e-02,
       2.00243935e-01, 7.68728852e-01, 4.36373532e-01, 9.03548539e-01,
       7.06999481e-01, 7.06104219e-01, 6.07438087e-01, 6.38678908e-01,
       6.90935373e-01, 3.08988750e-01, 9.57149088e-01, 1.03715032e-01,
       5.28818667e-01, 7.03471184e-01, 3.19526732e-01, 7.03863740e-01,
       5.54546535e-01, 6.34803772e-02, 1.43359438e-01, 9.64669108e-01,
       7.33895063e-01, 8.82477820e-01, 2.38947362e-01, 6.01733744e-01,
       8.90586078e-02, 1.88688591e-01, 2.86686391e-01, 6.20097339e-01,
       9.03198496e-03, 1.46702811e-01, 3.69534463e-01, 4.34626430e-01,
       5.81405640e-01, 3.88732463e-01, 5.37315488e-01, 7.65563428e-01,
       2.35485226e-01, 9.83984947e-01, 7.90590718e-02, 6.58974051e-02,
       9.27962720e-01, 5.43214262e-01, 3.96934271e-01, 3.14303517e-01,
       7.27736473e-01, 4.58684236e-01, 6.79400146e-01, 5.01752734e-01,
       1.45842195e-01 ]
