%YAML:1.0
Dataset: test_data
Model: "SFS1_1000_random_10_5_2_0.01_0"
FeatureCount: 1
Data:
   -
      VideoFileName: "101.mp4_13113-0007"
      VideoID: 101
      StartFrameNr: 13113
      FrameCount: 250
      Clazz: 25
      Features: !!opencv-matrix
         rows: 10
         cols: 8
         dt: f
         data: [ 5.17783463e-01, 6.72352016e-01, 3.84298980e-01,
             2.11200282e-01, 1.77202210e-01, 5.33019146e-03,
             1.66587621e-01, 7.43055582e-01, 3.79009664e-01,
             3.43229085e-01, 4.87424284e-01, 2.16833770e-01,
             1.16857611e-01, 1.30928112e-02, 2.45278999e-01,
             9.16666687e-01, 6.33047819e-01, 8.98907006e-01,
             3.44262319e-03, 3.09797330e-03, 2.19439785e-03,
             1.43070042e-03, 3.02864071e-02, 4.23611104e-01,
             8.83679092e-01, 8.63879085e-01, 0., 0., 0., 0., 0.,
             4.93055552e-01, 2.40909681e-01, 8.85153770e-01,
             5.26315765e-04, 0., 3.31537507e-04, 1.79208349e-04,
             1.52808474e-03, 6.59722209e-01, 1.32771462e-01,
             1.76985100e-01, 3.11320741e-03, 2.59991083e-03,
             1.70851289e-03, 9.27802903e-05, 4.37433319e-03,
             7.36111104e-01, 1.14206910e-01, 5.92114449e-01,
             3.73831776e-04, 4.41533601e-04, 2.20766800e-04,
             2.47779395e-03, 6.05457509e-03, 7.43055582e-01,
             6.20462477e-01, 2.47323483e-01, 5.72430491e-01,
             1.11220546e-01, 1.32491350e-01, 5.10426145e-03,
             9.44571868e-02, 1., 8.79292309e-01, 5.72766066e-01, 0., 0.,
             0., 0., 0., 5.76388896e-01, 8.68105114e-01, 1.79055884e-01,
             2.55319150e-03, 2.09415308e-03, -4.94220108e-03,
             1.08253490e-02, 2.59145796e-02, 6.52777791e-01 ]
