%YAML:1.0
Dataset: test_data
Model: "SFS1_1000_random_10_5_2_0.01_0"
FeatureCount: 1
Data:
   -
      VideoFileName: "101.mp4_13113-0009"
      VideoID: 101
      StartFrameNr: 13113
      FrameCount: 250
      Clazz: 25
      Features: !!opencv-matrix
         rows: 10
         cols: 8
         dt: f
         data: [ 4.96709824e-01, 6.99916661e-01, 4.30099994e-01,
             1.25354350e-01, 1.50000066e-01, 7.32561899e-03,
             1.72449812e-01, 6.41025662e-01, 4.84912097e-01,
             3.85149091e-01, 3.77229720e-01, 8.13471526e-02,
             1.01511024e-01, 1.25457877e-02, 1.74988791e-01,
             9.48717952e-01, 4.59231108e-01, 9.27673519e-01,
             6.66666543e-03, -5.77427633e-03, 5.24934242e-03,
             5.99035807e-03, 1.66237764e-02, 3.84615391e-01,
             8.51507604e-01, 8.61610234e-01, 7.29166612e-04,
             9.84252081e-04, -2.37860926e-03, 2.47933879e-03,
             4.03454900e-03, 6.15384638e-01, 7.37869680e-01,
             4.19693977e-01, 9.76094007e-01, -6.88976329e-03,
             3.94931026e-02, 2.89824381e-02, 7.64033943e-02,
             4.10256416e-01, 1.47291824e-01, 2.18026012e-01,
             5.10638114e-03, -2.62467144e-03, 3.01557942e-03,
             4.59644804e-03, 8.27179570e-03, 9.03846145e-01,
             1.46302491e-01, 7.23423958e-01, 4.80769109e-03,
             -3.38178826e-03, 3.07894126e-03, 3.70311522e-04,
             2.07717950e-03, 1., 5.31298995e-01, 1.35098025e-01,
             7.36941099e-01, 5.70634380e-02, 1.43770292e-01,
             2.13056635e-02, 2.43120238e-01, 5.44871807e-01,
             8.91994178e-01, 5.40570199e-01, 4.34210524e-03,
             1.86489872e-03, -6.21632906e-03, 6.82361890e-03,
             1.18112415e-02, 4.87179488e-01, 8.83726776e-01,
             1.51576594e-01, 5.81081025e-03, 1.45775704e-02,
             -2.38348581e-02, 3.04494426e-02, 4.50274348e-02,
             4.74358976e-01 ]
