%YAML:1.0
Dataset: test_data
Model: "SFS1_1000_random_10_5_2_0.01_0"
FeatureCount: 1
Data:
   -
      VideoFileName: "102.mp4_0-0009"
      VideoID: 102
      StartFrameNr: 0
      FrameCount: 250
      Clazz: 25
      Features: !!opencv-matrix
         rows: 10
         cols: 8
         dt: f
         data: [ 1.84787735e-01, 7.85416901e-01, 7.23739088e-01,
             1.35227710e-01, 7.94933215e-02, 1.03851920e-02,
             1.54968664e-01, 7.18750000e-01, 3.16701978e-01,
             4.83028531e-01, 4.41219568e-01, 1.49222285e-01,
             6.34402111e-02, 2.79311882e-03, 1.28737718e-01,
             7.68750012e-01, 5.59106886e-01, 8.84919345e-01,
             4.12272751e-01, 1.31889790e-01, 4.34860252e-02,
             8.96541588e-03, 1.71892092e-01, 5.50000012e-01,
             8.92076373e-01, 6.95100307e-01, 3.81851912e-01,
             1.39982462e-01, 5.45348264e-02, 9.36639030e-04,
             4.26645987e-02, 3.37500006e-01, 7.03323901e-01,
             7.13855386e-01, 1.49277106e-01, 7.78863207e-02,
             4.06982116e-02, 2.26426357e-03, 5.06919958e-02,
             5.18750012e-01, 1.67964324e-01, 2.34997272e-01,
             8.38376701e-01, 8.48758072e-02, 3.27742994e-02,
             2.98794382e-03, 1.11990690e-01, 9.62500036e-01,
             7.80285299e-02, 8.89488637e-01, 2.27272697e-02,
             1.21689327e-02, 2.04008594e-02, 4.76393700e-02,
             1.71510428e-01, 1.37500003e-01, 5.55749774e-01,
             3.47702086e-01, 1.82058826e-01, 7.91454539e-02,
             4.00648303e-02, 1.44567282e-03, 6.83524907e-02,
             8.50000024e-01, 8.75644088e-01, 7.03173161e-01,
             3.62615377e-01, 1.29133821e-01, 5.09993769e-02,
             1.58991944e-02, 2.76336372e-01, 4.06250000e-01,
             7.74143875e-01, 1.65390670e-01, 3.10312539e-01,
             1.32824928e-01, 4.50295098e-02, 3.19997175e-03,
             1.03496477e-01, 1. ]
