%YAML:1.0
Dataset: test_data
Model: "SFS1_1000_random_10_5_2_0.01_0"
FeatureCount: 1
Data:
   -
      VideoFileName: "104.mp4_37470-0004"
      VideoID: 104
      StartFrameNr: 37470
      FrameCount: 250
      Clazz: 3
      Features: !!opencv-matrix
         rows: 10
         cols: 8
         dt: f
         data: [ 3.61105025e-01, 8.70688260e-01, 2.20697686e-01,
             1.60684884e-01, 2.00512689e-02, 3.19907703e-02,
             4.22042757e-01, 4.67391312e-01, 2.32725471e-01,
             5.82423210e-01, 2.51359224e-01, 1.07637085e-01,
             3.84527035e-02, 2.75294879e-03, 1.05731077e-01,
             5.59782624e-01, 4.65774417e-01, 7.95952320e-01,
             3.65142852e-01, 1.82002187e-01, -1.28233992e-02,
             2.77204245e-01, 8.17203641e-01, 1.90217391e-01,
             8.85385633e-01, 8.41013730e-01, 1.74626857e-01,
             1.13879383e-01, 2.82054325e-03, 1.69778857e-02,
             1.95910439e-01, 3.64130437e-01, 8.45107138e-01,
             5.23813248e-01, 5.18607616e-01, 1.73527405e-01,
             9.21957195e-02, 1.26665970e-02, 2.04984695e-01,
             4.29347843e-01, 2.12450325e-01, 1.93586111e-01,
             5.26910067e-01, 1.90215036e-01, 8.70123729e-02,
             1.10114254e-02, 2.78115004e-01, 9.67391312e-01,
             1.06161982e-01, 7.24783540e-01, 2.20649302e-01,
             1.00521490e-01, 3.15983146e-02, 1.67144723e-02,
             3.83192271e-01, 4.18478280e-01, 5.44372678e-01,
             4.38802034e-01, 4.29807693e-01, 2.34479114e-01,
             7.24560544e-02, 1.66226942e-02, 3.71640831e-01,
             5.65217376e-01, 7.23693728e-01, 8.00359368e-01,
             2.70689696e-01, 1.43270910e-01, 2.72422768e-02,
             4.84818593e-02, 5.38724005e-01, 4.72826093e-01,
             7.44132400e-01, 1.82710558e-01, 3.73858660e-01,
             1.96379781e-01, 7.20216483e-02, 1.01546934e-02,
             2.51359493e-01, 1. ]
