%YAML:1.0
Dataset: test_data
Model: "SFS1_1000_random_10_5_2_0.01_0"
FeatureCount: 1
Data:
   -
      VideoFileName: "104.mp4_20186-0004"
      VideoID: 104
      StartFrameNr: 20186
      FrameCount: 250
      Clazz: 3
      Features: !!opencv-matrix
         rows: 10
         cols: 8
         dt: f
         data: [ 5.01524985e-01, 8.80038679e-01, 6.57441795e-01,
             2.64420390e-01, 2.67350286e-01, 1.35537190e-02,
             2.21667975e-01, 1.87772930e-01, 2.60032862e-01,
             4.68480855e-01, 2.35170037e-01, 1.68621868e-01,
             7.40265027e-02, 1.19656958e-02, 2.96074688e-01,
             6.41921401e-01, 7.19772577e-01, 9.36904788e-01,
             6.15428567e-01, 2.95613050e-01, 2.80989856e-01,
             2.65572630e-02, 3.32664937e-01, 1.52838424e-01,
             8.85300756e-01, 8.42187405e-01, 2.73593754e-01,
             1.67691946e-01, 9.52263474e-02, 1.27993608e-02,
             2.60556072e-01, 2.79475987e-01, 6.27415180e-01,
             7.07877696e-01, 3.78593713e-01, 2.38927245e-01,
             1.46776557e-01, 1.50154969e-02, 3.98717433e-01,
             2.79475987e-01, 1.85910821e-01, 1.47749260e-01,
             6.33928478e-01, 1.54597953e-01, 2.95275520e-03,
             2.31901724e-02, 3.90788734e-01, 4.89082992e-01,
             1.87714562e-01, 8.01098585e-01, 3.93287599e-01,
             2.55582064e-01, 7.98188075e-02, 2.82667819e-02,
             4.02152419e-01, 6.37554586e-01, 4.46671069e-01,
             4.36845273e-01, 4.61571515e-01, 1.66366741e-01,
             2.68841330e-02, 1.31157026e-01, 7.03698218e-01,
             3.05676848e-01, 8.45016718e-01, 5.53310156e-01,
             1.82333291e-01, 9.97375399e-02, 6.44794181e-02,
             1.21235084e-02, 2.02789694e-01, 3.93013120e-01,
             7.09852815e-01, 2.05321997e-01, 3.54541391e-01,
             1.61159515e-01, 7.06943274e-02, 8.64166394e-03,
             2.03136250e-01, 1. ]
