%YAML:1.0
Dataset: data_test
Model: "SFS1_1000_random_10_5_2_0.01_0"
FeatureCount: 1
Data:
   -
      VideoID: 106
      StartFrameNr: 50629
      FrameCount: 251
      Clazz: 1
      Features: !!opencv-matrix
         rows: 10
         cols: 8
         dt: f
         data: [ 1.63251355e-01, 8.79166603e-01, 5.39500058e-01,
             1.58005238e-01, 1.76902905e-01, 1.75564606e-02,
             2.82402784e-01, 3.31491739e-01, 2.26159021e-01,
             7.10909605e-01, 6.18494689e-01, 2.05401793e-01,
             2.45703220e-01, 5.40478202e-03, 1.90430984e-01,
             5.13812184e-01, 1.35685012e-01, 2.03385442e-01,
             3.76749963e-01, 1.88188925e-01, 1.05511785e-01,
             1.48512404e-02, 3.74816686e-01, 2.20994487e-01,
             2.04553306e-01, 5.57547748e-01, 5.06721199e-01,
             2.04337150e-01, 2.17632636e-01, 2.46868953e-02,
             4.72489476e-01, 3.37016582e-01, 1.14889197e-01,
             4.11899030e-01, 4.58653867e-01, 1.76862478e-01,
             2.10478485e-01, 9.85049829e-03, 2.93582857e-01,
             2.87292838e-01, 8.47609699e-01, 6.90666020e-01,
             2.97344595e-01, 1.17354020e-01, 4.01263237e-02,
             9.11720470e-03, 2.10101202e-01, 9.77900565e-01,
             7.68848717e-01, 1.92829147e-01, 4.21657383e-01,
             1.43603027e-01, 4.05881405e-02, 3.35157588e-02,
             3.58856589e-01, 1., 4.52260047e-01, 3.48541677e-01,
             2.26899892e-01, 1.35511830e-01, 5.55117875e-02,
             1.44537119e-02, 3.06931823e-01, 5.52486181e-01,
             2.83635527e-01, 1.24110498e-01, 4.12584245e-01,
             2.33300924e-01, 9.66115147e-02, 6.89626159e-03,
             2.01029763e-01, 4.91712719e-01, 5.55194378e-01,
             7.89441586e-01, 3.65782380e-01, 1.41036034e-01,
             8.21147859e-02, 9.45112295e-03, 2.13125631e-01,
             8.12154710e-01 ]
