%YAML:1.0
Dataset: data_test
Model: "SFS1_1000_random_10_5_2_0.01_0"
FeatureCount: 1
Data:
   -
      VideoID: 112
      StartFrameNr: 53952
      FrameCount: 41
      Clazz: 1
      Features: !!opencv-matrix
         rows: 10
         cols: 8
         dt: f
         data: [ 3.78785610e-01, 8.48384380e-01, 5.94489813e-01,
             2.52932638e-01, 2.48486832e-01, 1.71206053e-02,
             2.37343505e-01, 8.12154710e-01, 1.02404140e-01,
             7.43326783e-01, 2.10468769e-01, 1.56742111e-01,
             1.12696812e-01, 1.22215431e-02, 1.88412607e-01,
             3.53591174e-01, 1.21707596e-01, 2.33564854e-01,
             3.20370436e-01, 1.67784616e-01, 6.67832941e-02,
             1.91307010e-03, 7.64506534e-02, 4.47513819e-01,
             2.07671389e-01, 5.33164382e-01, 1.46351337e-01,
             1.25452235e-01, 6.08639903e-02, 8.10810598e-04,
             3.29832733e-02, 4.08839792e-01, 1.96098477e-01,
             4.43927318e-01, 1.98085070e-01, 1.42737433e-01,
             6.65102825e-02, 4.57007159e-03, 2.12429985e-01,
             2.59668529e-01, 8.20972443e-01, 7.56836772e-01,
             2.77348101e-01, 1.49693400e-01, 7.84792006e-02,
             8.66061542e-03, 1.54178992e-01, 1., 8.00535679e-01,
             2.00011715e-01, 3.52471888e-01, 2.46837258e-01,
             1.14438713e-01, 3.50454892e-03, 1.12624906e-01,
             9.83425438e-01, 4.59394604e-01, 2.37217918e-01,
             2.70416737e-01, 1.80200174e-01, 7.12762177e-02,
             5.93405636e-03, 2.19540551e-01, 5.30386746e-01,
             3.05620611e-01, 7.67708272e-02, 2.85250008e-01,
             1.95275515e-01, 1.09448776e-01, 1.66364945e-03,
             6.88515604e-02, 2.20994487e-01, 5.63944399e-01,
             5.60552657e-01, 2.88152099e-01, 1.59705624e-01,
             7.24066868e-02, 4.29850779e-02, 4.15328562e-01,
             5.08287311e-01 ]
