%YAML:1.0
Dataset: test_data
Model: "SFS1_1000_random_10_5_2_0.01_0"
FeatureCount: 1
Data:
   -
      VideoFileName: "11.mp4_185193-0027"
      VideoID: 11
      StartFrameNr: 185193
      FrameCount: 250
      Clazz: 2
      Features: !!opencv-matrix
         rows: 10
         cols: 8
         dt: f
         data: [ 3.70357931e-01, 6.89772785e-01, 4.02207822e-01,
             1.66172460e-01, 6.80028424e-02, 7.38263354e-02,
             6.22905314e-01, 3.86934668e-01, 2.66265363e-01,
             5.36783874e-01, 7.04531372e-01, 7.76328519e-02,
             4.55216393e-02, 1.59603566e-01, 7.79319346e-01,
             3.21608037e-01, 5.95127165e-01, 8.36813509e-01,
             4.77386355e-01, 1.62043691e-01, 4.41123657e-02,
             1.12265199e-02, 2.56422281e-01, 4.42211062e-01,
             8.95505130e-01, 7.95265138e-01, 3.23295504e-01,
             1.81191877e-01, 7.90980384e-02, 3.24052311e-02,
             4.13945675e-01, 4.42211062e-01, 3.00438404e-01,
             8.33687782e-01, 7.08510503e-02, 1.04205027e-01,
             4.08778563e-02, 1.68379918e-02, 1.71710864e-01,
             2.36180902e-01, 1.80281937e-01, 1.99945524e-01,
             3.39150399e-01, 1.55061617e-01, 5.11038862e-02,
             1.51864393e-02, 3.59032750e-01, 7.68844187e-01,
             1.27069369e-01, 7.63745248e-01, 2.94482738e-01,
             1.13584936e-01, 4.61580083e-02, 1.23278229e-02,
             3.27816814e-01, 4.37185913e-01, 4.71552074e-01,
             3.23934048e-01, 3.32480699e-01, 1.92272544e-01,
             5.90245724e-02, 1.19368285e-01, 6.96562827e-01,
             6.48241222e-01, 7.57628441e-01, 6.44638538e-01,
             5.01029491e-01, 1.80407628e-01, 2.82538142e-02,
             8.38198736e-02, 6.46761298e-01, 3.41708541e-01,
             7.94258237e-01, 2.34547675e-01, 3.94572884e-01,
             2.07612976e-01, 1.39239609e-01, 1.36132101e-02,
             3.05200666e-01, 1. ]
