%YAML:1.0
Dataset: test_data
Model: "SFS1_1000_random_10_5_2_0.01_0"
FeatureCount: 1
Data:
   -
      VideoFileName: "11.mp4_185193-0025"
      VideoID: 11
      StartFrameNr: 185193
      FrameCount: 250
      Clazz: 2
      Features: !!opencv-matrix
         rows: 10
         cols: 8
         dt: f
         data: [ 2.65109897e-01, 8.64222765e-01, 2.38269225e-01,
             1.10993303e-01, 3.93700674e-02, 6.54369965e-02,
             5.38538516e-01, 2.92134821e-01, 3.30668539e-01,
             5.31780243e-01, 5.69363773e-01, 1.67072371e-01,
             8.51825476e-02, 7.94335306e-02, 6.36737049e-01,
             6.17977560e-01, 8.20294619e-01, 8.93591702e-01,
             3.71898741e-01, 1.35752022e-01, 4.53503281e-02,
             4.35820259e-02, 4.76690501e-01, 4.43820238e-01,
             8.98105979e-01, 6.06980979e-01, 3.00175428e-01,
             1.97402969e-01, 1.18939042e-01, 1.17444787e-02,
             2.28231028e-01, 3.20224732e-01, 4.82954711e-01,
             8.16666842e-01, 4.22577292e-01, 1.44167617e-01,
             4.05065194e-02, 6.60390267e-03, 1.73412934e-01,
             5.44943810e-01, 2.18952179e-01, 1.43395066e-01,
             4.57851768e-01, 1.77719519e-01, 7.57072344e-02,
             1.01019908e-02, 2.84730822e-01, 7.58426964e-01,
             1.05986170e-01, 6.27947032e-01, 1.96260110e-01,
             8.82786438e-02, 3.38006392e-02, 7.80373113e-03,
             2.57513881e-01, 6.91011250e-01, 5.52295208e-01,
             3.88020813e-01, 3.19799989e-01, 1.75984263e-01,
             5.23621850e-02, 7.27743804e-02, 5.95171571e-01,
             5.61797738e-01, 7.80521393e-01, 6.17089331e-01,
             3.78985494e-01, 1.86123475e-01, 5.28357700e-02,
             2.16061771e-02, 4.24286693e-01, 3.87640446e-01,
             7.59650588e-01, 1.89817384e-01, 3.42134744e-01,
             1.62346378e-01, 9.80271623e-02, 9.29361209e-03,
             2.40657717e-01, 1. ]
