%YAML:1.0
Dataset: test_data
Model: "SFS1_1000_random_10_5_2_0.01_0"
FeatureCount: 1
Data:
   -
      VideoFileName: "144.mp4_4-0022"
      VideoID: 144
      StartFrameNr: 4
      FrameCount: 55
      Clazz: 25
      Features: !!opencv-matrix
         rows: 10
         cols: 8
         dt: f
         data: [ 4.60851640e-01, 8.26121867e-01, 3.20961654e-01,
             1.62401602e-01, 1.00015156e-01, 2.43404345e-03,
             6.17299452e-02, 4.95238125e-01, 3.21990609e-01,
             4.67916757e-01, 4.31499988e-01, 1.14645712e-01,
             9.47243944e-02, 3.59421549e-03, 1.06785648e-01,
             4.76190507e-01, 7.23298550e-01, 9.28724706e-01,
             6.06060610e-04, 2.86327791e-03, 4.77213063e-04,
             5.10643655e-03, 4.26274613e-02, 1.57142863e-01,
             9.06803012e-01, 8.50580633e-01, 0., 0., 0., 0., 0.,
             2.90476203e-01, 6.32777274e-01, 5.67395806e-01,
             2.52916604e-01, 1.44225776e-01, 9.39632580e-02,
             2.11363612e-03, 8.20902884e-02, 5.71428597e-01,
             1.09127276e-01, 2.34457955e-01, 1.23893807e-03,
             6.96815550e-05, -9.05860157e-04, 6.45944569e-03,
             1.45197446e-02, 5.38095236e-01, 1.38909593e-01,
             7.75978327e-01, 3.03030305e-04, -2.98258179e-04,
             2.98258179e-04, 4.85850207e-04, 4.69588721e-03,
             6.28571451e-01, 9.08299208e-01, 1.60091162e-01,
             1.56249997e-04, 1.23031496e-04, -4.92125982e-04,
             3.09659098e-03, 5.55106904e-03, 3.04761916e-01,
             9.01695132e-01, 5.70370376e-01, 1.58730152e-04,
             3.74953117e-04, -6.24921871e-04, 3.29266698e-03,
             7.80641753e-03, 3.00000012e-01, 5.66900790e-01,
             1.96081325e-01, 6.30047441e-01, 1.04387075e-01,
             1.00187585e-01, 1.38121173e-02, 1.32105023e-01, 1. ]
