%YAML:1.0
Dataset: test_data
Model: "SFS1_1000_random_10_5_2_0.01_0"
FeatureCount: 1
Data:
   -
      VideoFileName: "1.mp4_113587-0002"
      VideoID: 1
      StartFrameNr: 113587
      FrameCount: 250
      Clazz: 2
      Features: !!opencv-matrix
         rows: 10
         cols: 8
         dt: f
         data: [ 2.52331465e-01, 8.51860106e-01, 2.21160680e-01,
             1.84055164e-01, 5.84223643e-02, 7.59624457e-03,
             2.57813513e-01, 6.47398829e-01, 1.41832575e-01,
             4.14739609e-01, 2.49000043e-01, 1.80216566e-01,
             3.74015644e-02, 4.43175212e-02, 4.87711579e-01,
             4.62427735e-01, 7.91073620e-01, 8.77430618e-01,
             2.37051308e-01, 2.31173068e-01, 7.81344324e-02,
             1.27482750e-02, 3.55244696e-01, 4.50867057e-01,
             5.91717780e-01, 8.67748320e-01, 1.77307695e-01,
             2.55451262e-01, 1.42640769e-01, 1.93897006e-03,
             8.41283798e-02, 3.00578028e-01, 6.44879878e-01,
             5.18388271e-01, 3.54214936e-01, 2.76892126e-01,
             5.57688363e-02, 4.26637530e-02, 5.36143899e-01,
             6.99421942e-01, 2.23818958e-01, 1.06397301e-01,
             2.98181772e-01, 2.30255380e-01, 5.05050309e-02,
             2.05273367e-02, 3.87912899e-01, 5.72254300e-01,
             1.83229804e-01, 6.59148455e-01, 4.95108575e-01,
             1.14344418e-01, 3.03834211e-02, 1.57297626e-02,
             3.96223098e-01, 5.31791925e-01, 4.01836365e-01,
             3.33625406e-01, 4.55607533e-01, 1.87946171e-01,
             1.76613335e-03, 1.64150804e-01, 7.69471765e-01,
             6.18497074e-01, 8.97377551e-01, 6.42635763e-01,
             3.15813929e-01, 2.74583459e-01, 9.29316655e-02,
             1.57037955e-02, 2.60345489e-01, 4.97109830e-01,
             7.54924178e-01, 1.88403174e-01, 5.22427976e-01,
             2.27481738e-01, 7.54631609e-02, 1.75160915e-02,
             3.00036401e-01, 1. ]
