%YAML:1.0
Dataset: test_data
Model: "SFS1_1000_random_10_5_2_0.01_0"
FeatureCount: 1
Data:
   -
      VideoFileName: "1.mp4_113587-0009"
      VideoID: 1
      StartFrameNr: 113587
      FrameCount: 250
      Clazz: 2
      Features: !!opencv-matrix
         rows: 10
         cols: 8
         dt: f
         data: [ 5.14763296e-01, 7.82026112e-01, 7.62744769e-02,
             1.25366643e-01, 4.43106256e-02, 1.10192830e-03,
             3.17128599e-02, 3.24840784e-01, 2.62949497e-01,
             5.02246797e-01, 3.39313805e-01, 1.81334034e-01,
             5.72795868e-02, 1.03518264e-02, 2.89757431e-01,
             6.49681568e-01, 5.43735385e-01, 8.79166603e-01,
             3.02333325e-01, 2.56824136e-01, 1.16010457e-01,
             1.07235350e-02, 3.15480918e-01, 3.82165611e-01,
             8.61546338e-01, 8.82570386e-01, 3.75352114e-01,
             2.28679195e-01, 4.14771959e-02, 9.57629923e-03,
             2.72951633e-01, 4.52229321e-01, 7.93405890e-01,
             5.94566882e-01, 1.83137238e-01, 1.86814874e-01,
             8.64597559e-02, 5.67493122e-03, 1.37435719e-01,
             3.24840784e-01, 1.88559234e-01, 1.59706801e-01,
             4.51036990e-01, 1.48906425e-01, 4.93438132e-02,
             1.10366149e-02, 3.05510938e-01, 8.59872639e-01,
             1.73264787e-01, 7.60164440e-01, 2.95159161e-01,
             1.98054135e-01, 3.15963589e-02, 4.41808626e-02,
             5.12845635e-01, 1., 5.54715037e-01, 3.44847172e-01,
             4.82000023e-01, 2.51391232e-01, 4.58267517e-02,
             1.48639172e-01, 7.81478763e-01, 9.55414057e-01,
             8.03562462e-01, 5.00547111e-01, 2.19797939e-01,
             1.81818202e-01, 4.89143208e-02, 4.83658090e-02,
             4.79942620e-01, 6.30573273e-01, 7.83466995e-01,
             1.65910676e-01, 4.30241942e-01, 3.14135253e-01,
             9.57582295e-02, 2.14570221e-02, 4.45913672e-01,
             7.89808929e-01 ]
