%YAML:1.0
Dataset: test_data
Model: "SFS1_1000_random_10_5_2_0.01_0"
FeatureCount: 1
Data:
   -
      VideoFileName: "1.mp4_17084-0001"
      VideoID: 1
      StartFrameNr: 17084
      FrameCount: 192
      Clazz: 3
      Features: !!opencv-matrix
         rows: 10
         cols: 8
         dt: f
         data: [ 2.15310290e-01, 8.87152910e-01, 3.73055577e-01,
             1.39326334e-01, 6.43044487e-02, 3.54495160e-02,
             3.56050134e-01, 4.02234614e-01, 2.36081049e-01,
             5.02967775e-01, 4.97830272e-01, 2.19729707e-01,
             1.64908722e-01, 1.29058156e-02, 2.80006826e-01,
             5.92178762e-01, 8.24783385e-01, 8.07043672e-01,
             2.82380968e-01, 1.61354855e-01, 1.24859348e-01,
             1.13210012e-03, 3.18224132e-02, 3.51955295e-01,
             8.80714655e-01, 8.87364089e-01, 2.29347825e-01,
             1.40705198e-01, 9.87675190e-02, 1.36882700e-02,
             2.24116236e-01, 2.56983221e-01, 5.46457887e-01,
             8.43880057e-01, 4.03624952e-01, 1.35334700e-01,
             5.23621924e-02, 9.30785295e-03, 2.48933241e-01,
             4.46927369e-01, 1.83374166e-01, 1.82769448e-01,
             2.53759384e-01, 1.43094033e-01, 4.32774685e-02,
             6.97866036e-03, 1.80958465e-01, 7.43016720e-01,
             1.85771242e-01, 7.29251206e-01, 1.56621605e-01,
             6.19280450e-02, 2.56437473e-02, 1.49765459e-03,
             6.00031838e-02, 4.13407803e-01, 4.58703637e-01,
             4.20817405e-01, 4.67633605e-01, 1.59523979e-01,
             4.27961648e-02, 5.96138984e-02, 5.73491812e-01,
             7.31843531e-01, 8.11707616e-01, 5.12661576e-01,
             2.66465545e-01, 1.61688939e-01, 6.44854456e-02,
             1.00213364e-02, 2.31998146e-01, 6.48044646e-01,
             7.30711877e-01, 1.69704407e-01, 5.08994520e-01,
             1.24928653e-01, 2.46777721e-02, 1.55365467e-02,
             3.57136518e-01, 1. ]
