%YAML:1.0
Dataset: test_data
Model: "SFS1_1000_random_10_5_2_0.01_0"
FeatureCount: 1
Data:
   -
      VideoFileName: "1.mp4_18181-0002"
      VideoID: 1
      StartFrameNr: 18181
      FrameCount: 232
      Clazz: 3
      Features: !!opencv-matrix
         rows: 10
         cols: 8
         dt: f
         data: [ 4.54679936e-01, 8.36836278e-01, 4.85714287e-01,
             1.98148355e-01, 9.77762416e-02, 1.29243480e-02,
             2.49010608e-01, 4.46078449e-01, 2.71334916e-01,
             5.77833354e-01, 5.08400083e-01, 2.13963315e-01,
             1.75013155e-01, 1.91316791e-02, 3.43932152e-01,
             3.67647082e-01, 7.71461427e-01, 8.81445229e-01,
             3.15156221e-01, 1.05068862e-01, 5.00738025e-02,
             3.28728110e-02, 2.92206436e-01, 3.13725501e-01,
             8.74001443e-01, 7.41238713e-01, 4.97123301e-01,
             6.76302239e-02, 8.17602947e-02, 3.98958474e-03,
             1.13979235e-01, 3.57843161e-01, 5.31284511e-01,
             7.68632114e-01, 5.16226411e-01, 1.39206618e-01,
             5.03639765e-02, 1.27563238e-01, 6.84153497e-01,
             2.59803921e-01, 2.18246326e-01, 2.31444061e-01,
             2.12647021e-01, 1.05450176e-01, 5.91709465e-02,
             4.15869569e-03, 1.44810453e-01, 1., 1.22513063e-01,
             7.57281959e-01, 5.84485948e-01, 1.74994513e-01,
             2.16130763e-01, 1.06515996e-02, 1.91849187e-01,
             5.24509847e-01, 5.77504814e-01, 3.54879856e-01,
             2.73063064e-01, 1.19458094e-01, 2.80910749e-02,
             4.53067943e-02, 4.33867872e-01, 5.44117689e-01,
             8.24709177e-01, 5.06845176e-01, 5.29523969e-01,
             9.48631018e-02, 5.23684360e-02, 2.98242178e-02,
             3.98771584e-01, 3.08823526e-01, 7.74520278e-01,
             1.84224352e-01, 3.60943407e-01, 1.35393545e-01,
             5.29391207e-02, 6.97650621e-03, 2.22176462e-01,
             7.79411793e-01 ]
