%YAML:1.0
Dataset: data_test
Model: "DFS1_SFS1_40000_random_40_5_2_0.01_0_5"
FeatureCount: 1
Data:
   -
      VideoID: 103
      StartFrameNr: 78878
      FrameCount: 521
      Clazz: 1
      Features: !!opencv-matrix
         rows: 40
         cols: 10
         dt: f
         data: [ 3.57889503e-01, 6.41605675e-01, 4.27890211e-01,
             2.51423359e-01, 3.83558013e-02, 3.15678567e-02,
             5.45879781e-01, 2.50000000e-01, 5.27178288e-01,
             7.29604065e-01, 8.99037063e-01, 3.52705806e-01,
             3.03699762e-01, 1.07112058e-01, -1.54736303e-02,
             6.69192672e-02, 5.59260368e-01, 3.00322056e-01,
             8.85598063e-01, 6.27340496e-01, 3.20425570e-01,
             6.47436738e-01, 4.83362794e-01, 2.31164441e-01,
             4.36039641e-02, 1.14865219e-02, 3.19151163e-01,
             5.55555582e-01, 1.57052308e-01, 2.96109736e-01,
             2.31498823e-01, 7.12774396e-01, 7.19300270e-01,
             1.64829627e-01, -3.41864266e-02, 5.98671846e-02,
             5.75959444e-01, 2.41545901e-01, 6.46128207e-02,
             2.96870708e-01, 5.65626562e-01, 2.61120111e-01,
             4.48551387e-01, 1.98889062e-01, 6.20615222e-02,
             2.58108880e-02, 4.79885817e-01, 3.78019333e-01,
             5.74939430e-01, 8.48517716e-02, 3.42612505e-01,
             9.31211710e-01, 5.38865328e-01, 1.78422496e-01,
             5.27290292e-02, 2.19068825e-02, 2.73739427e-01,
             1.52576491e-01, 4.93836045e-01, 9.18685496e-01,
             1.97868094e-01, 9.38388705e-01, 4.69382972e-01,
             1.70435131e-01, 1.41286915e-02, 4.30984283e-03,
             1.10202625e-01, 1.56602263e-01, 2.02477545e-01,
             9.25625682e-01, 1.05310068e-01, 7.26407409e-01,
             3.80784184e-01, 2.04599649e-01, -1.59155542e-03,
             1.27562247e-02, 3.61055255e-01, 3.02737534e-01,
             1.50628865e-01, 7.63199508e-01, 8.63680482e-01,
             1.20768830e-01, 7.53501534e-01, 1.38399214e-01,
             6.23205071e-03, 1.71213504e-02, 3.49563658e-01, 1.,
             8.98551881e-01, 1.48953333e-01, 3.69129144e-02,
             6.27827525e-01, 2.00453639e-01, 1.51794508e-01,
             1.26668895e-02, 7.86554907e-03, 2.68635333e-01,
             2.12962970e-01, 6.05865382e-02, 5.56856871e-01,
             8.49417090e-01, 3.55266929e-01, 3.12513858e-01,
             1.49248868e-01, 8.73235986e-03, 1.78008657e-02,
             2.50733078e-01, 6.38888896e-01, 6.41191483e-01,
             6.49817944e-01, 5.07867895e-02, 3.17151099e-01,
             1.64224774e-01, 1.00876324e-01, 3.12662162e-02,
             6.62341481e-03, 2.20353201e-01, 3.58293086e-01,
             2.58504331e-01, 6.29177213e-01, 7.25524798e-02,
             8.89075816e-01, 2.03705356e-01, 1.12978175e-01,
             1.14770755e-02, 4.59000356e-02, 4.27634478e-01,
             1.80354267e-01, 7.61028945e-01, 3.70198071e-01,
             4.21292514e-01, 3.90197545e-01, 2.99584627e-01,
             2.50504911e-01, 6.30004033e-02, 2.52412837e-02,
             4.95537162e-01, 3.87681156e-01, 5.89742839e-01,
             4.75031585e-01, 9.35758829e-01, 8.70444536e-01,
             3.43144685e-01, 2.13945031e-01, 2.22264100e-02,
             4.07782309e-02, 2.96265453e-01, 5.13285041e-01,
             1.59023583e-01, 4.02839541e-01, 8.21224630e-01,
             8.30004096e-01, 6.65895820e-01, 1.98656097e-01,
             -5.02499528e-02, 1.95345525e-02, 3.16831648e-01,
             5.46296299e-01, 9.07543838e-01, 3.65396142e-01,
             6.33127749e-01, 7.76377141e-01, 3.02492261e-01,
             2.43892208e-01, 3.79216298e-02, 9.60973464e-03,
             2.77709603e-01, 4.07004833e-01, 9.18801785e-01,
             8.67739975e-01, 6.54338062e-01, 1.23966470e-01,
             4.68547076e-01, 2.09879145e-01, -3.20621170e-02,
             2.01068912e-02, 4.77390528e-01, 5.20933986e-01,
             8.14862430e-01, 7.80666232e-01, 1.42855719e-01,
             9.30276155e-01, 4.68820006e-01, 1.66400954e-01,
             8.94996431e-03, 2.29438189e-02, 3.20442498e-01,
             3.24074090e-01, 2.20603615e-01, 9.87251878e-01,
             3.52347940e-01, 8.70270491e-01, 5.84398329e-01,
             1.76842451e-01, 1.42621025e-01, 2.63304971e-02,
             4.68107820e-01, 3.81642520e-01, 6.39577150e-01,
             3.18777978e-01, 6.07842386e-01, 4.40629721e-01,
             1.29146203e-01, 1.86464995e-01, 6.86438978e-02,
             8.62511154e-03, 8.63066688e-02, 4.15056378e-01,
             6.97432160e-01, 8.81636441e-01, 8.80578756e-01,
             5.79385042e-01, 5.12169600e-01, 2.07379088e-01,
             -1.99403558e-02, 2.25774944e-02, 3.70417774e-01,
             7.01690853e-01, 7.20386744e-01, 6.00827694e-01,
             6.49851084e-01, 4.05573457e-01, 2.49157637e-01,
             2.39107326e-01, 7.14552924e-02, 1.16925044e-02,
             3.55083913e-01, 5.54347813e-01, 4.83527660e-01,
             2.47767553e-01, 1.47592083e-01, 8.26063395e-01,
             4.39245999e-01, 1.68499887e-01, 2.27576420e-02,
             7.24732205e-02, 6.15527511e-01, 3.04347843e-01,
             3.68742108e-01, 6.80730462e-01, 3.09238583e-01,
             1.93297446e-01, 3.31516862e-01, 2.09516779e-01,
             7.93299358e-03, 6.57756552e-02, 6.02537274e-01,
             2.14975849e-01, 9.68917310e-02, 7.75609434e-01,
             4.04990822e-01, 9.68219787e-02, 3.31606209e-01,
             1.89885214e-01, 1.99857168e-02, 1.14135705e-02,
             3.19592178e-01, 7.59259284e-01, 2.71914601e-01,
             1.08967058e-01, 9.83580574e-02, 8.82091820e-02,
             2.02161998e-01, 1.38482869e-01, 1.62888002e-02,
             1.31020807e-02, 3.61251473e-01, 5.51127195e-01,
             1.46551937e-01, 4.93083566e-01, 1.68983787e-01,
             5.04563153e-01, 3.90434951e-01, 2.25996330e-01,
             2.61488836e-02, 1.98912490e-02, 4.60894585e-01,
             3.23671490e-01, 1.36443168e-01, 7.53545105e-01,
             9.03529525e-02, 5.30432343e-01, 2.41423607e-01,
             1.77507371e-01, 2.34717261e-02, 4.69150729e-02,
             5.34794211e-01, 2.31884062e-01, 2.61449307e-01,
             5.66608608e-01, 2.01695710e-01, 2.26276636e-01,
             4.74849492e-01, 1.43893331e-01, -4.75993603e-02,
             3.16608399e-01, 8.53126526e-01, 1.07085347e-01,
             3.41391325e-01, 1.43677026e-01, 6.81034267e-01,
             9.04987097e-01, 4.40350771e-01, 2.10721120e-01,
             1.97748989e-02, 6.40094886e-03, 1.59219190e-01,
             4.58937198e-01, 3.90072435e-01, 8.59161854e-01,
             4.86831456e-01, 8.55842590e-01, 3.37235034e-01,
             2.72551954e-01, 7.19850138e-02, 2.38061715e-02,
             4.48222369e-01, 3.68357480e-01, 1.02330923e-01,
             8.87955666e-01, 5.21028578e-01, 7.51632512e-01,
             1.86113998e-01, 2.59878993e-01, 1.27744928e-01,
             2.78979517e-03, 9.33806002e-02, 5.29388070e-01,
             7.18161762e-02, 8.40889573e-01, 3.68979990e-01,
             5.03595769e-01, 4.38331753e-01, 2.18227938e-01,
             8.16976354e-02, 1.85132548e-02, 4.00105685e-01,
             4.31964576e-01, 3.28802764e-01, 2.19401896e-01,
             6.76146448e-01, 1.47889227e-01, 6.51102185e-01,
             1.63800418e-01, -3.32056060e-02, 1.17610127e-01,
             7.16675043e-01, 2.44766504e-01, 3.48215222e-01,
             3.48143876e-01, 2.84137726e-01, 1.70195222e-01,
             2.65501201e-01, 2.05225170e-01, 2.86201499e-02,
             6.54489920e-03, 2.22692862e-01, 3.61513704e-01,
             7.72028387e-01, 1.30128428e-01, 1.25546530e-01,
             2.94753224e-01, 3.01078290e-01, 1.15051813e-01,
             1.93594154e-02, 2.10405886e-02, 4.43954140e-01,
             3.84460539e-01, 1.13017775e-01, 9.64528322e-02,
             2.91629285e-01, 3.42350185e-01, 3.23723048e-01,
             2.20150918e-01, 5.71222119e-02, 1.24447830e-02,
             3.51408929e-01, 4.91948485e-01, 1.46878809e-01,
