%YAML:1.0
Dataset: data_test
Model: "DFS1_SFS1_40000_random_40_5_2_0.01_0_5"
FeatureCount: 1
Data:
   -
      VideoID: 106
      StartFrameNr: 50629
      FrameCount: 251
      Clazz: 1
      Features: !!opencv-matrix
         rows: 40
         cols: 10
         dt: f
         data: [ 2.54814714e-01, 6.59188211e-01, 4.13380384e-01,
             1.64510116e-01, 8.57148170e-02, 1.07486150e-03,
             4.85373773e-02, 4.59069014e-01, 3.27659100e-01,
             6.85126781e-01, 7.84333885e-01, 4.27853763e-01,
             3.80151778e-01, 1.47460371e-01, 6.43884987e-02,
             8.56991857e-03, 3.08104068e-01, 5.28089881e-01,
             9.48856235e-01, 2.65467972e-01, 3.12954158e-01,
             5.75985789e-01, 4.59898800e-01, 1.65477857e-01,
             2.33402792e-02, 1.64331570e-02, 4.07836765e-01,
             4.78330642e-01, 3.40001106e-01, 1.03940248e-01,
             2.17953563e-01, 8.12914312e-01, 3.66132557e-01,
             1.94138095e-01, 1.47718355e-01, 3.88627802e-03,
             2.07119957e-01, 4.44087744e-01, 7.54082650e-02,
             7.89924800e-01, 6.72172964e-01, 2.17673123e-01,
             5.79557955e-01, 8.06421787e-02, 1.07615357e-02,
             1.81359962e-01, 7.07687557e-01, 3.63295853e-01,
             4.44148481e-01, 9.15183663e-01, 3.16924602e-01,
             9.92524803e-01, 3.92156802e-02, 5.25963493e-02,
             2.30044704e-02, 7.00137466e-02, 3.78543049e-01,
             8.18619579e-02, 6.43186033e-01, 1.13031149e-01,
             3.53031121e-02, 8.58150363e-01, 5.58664143e-01,
             1.60936669e-01, 2.29007676e-01, 2.15885369e-03,
             6.44029304e-02, 1.40181914e-01, 4.05599535e-01,
             8.33775401e-01, 4.98829149e-02, 8.01339865e-01,
             5.51666796e-01, 1.60568103e-01, 2.28562981e-01,
             8.61888006e-03, 2.35833496e-01, 2.72873193e-01,
             2.95322508e-01, 8.66961479e-01, 6.17821515e-01,
             8.47144201e-02, 5.30163765e-01, 1.35606438e-01,
             3.23723070e-02, 9.41158179e-03, 2.65294522e-01,
             8.17549467e-01, 4.93070632e-01, 1.12000033e-01,
             8.05752724e-02, 6.30231380e-01, 5.47075093e-01,
             1.58606455e-01, 2.03474447e-01, 6.40105980e-04,
             2.46623661e-02, 3.40288907e-01, 7.74532795e-01,
             7.12300122e-01, 8.66825163e-01, 4.53049421e-01,
             3.57590050e-01, 1.52351812e-01, 8.70619416e-02,
             4.25790530e-03, 1.63185403e-01, 6.21722817e-01,
             8.48472953e-01, 1.06043667e-01, 1.17652044e-01,
             2.95598537e-01, 2.91324019e-01, 1.46621868e-01,
             1.12093993e-01, 4.73195640e-03, 2.01814204e-01,
             3.51524860e-01, 6.84636012e-02, 5.23172021e-01,
             4.65888716e-02, 9.22495246e-01, 4.55464542e-01,
             1.53780028e-01, 1.59373701e-01, 3.17186601e-02,
             3.51839274e-01, 9.79133174e-02, 7.48382360e-02,
             9.00578380e-01, 4.18532670e-01, 5.02246916e-01,
             3.71359438e-01, 1.62814051e-01, 3.77142243e-02,
             5.41170174e-03, 1.87331244e-01, 7.98822880e-01,
             2.13239416e-01, 2.78928012e-01, 8.99814427e-01,
             8.84473145e-01, 8.80470201e-02, 9.60508138e-02,
             5.90027086e-02, 3.27747944e-03, 1.20630048e-01,
             9.99999940e-01, 9.23259318e-01, 8.34215045e-01,
             8.56753111e-01, 6.90030515e-01, 2.32368246e-01,
             1.47060558e-01, 7.62333050e-02, 6.92532724e-03,
             2.46940747e-01, 7.41037965e-01, 8.98966849e-01,
             3.98821950e-01, 5.68646848e-01, 7.98856080e-01,
             4.90074992e-01, 1.76155195e-01, 6.81623816e-02,
             4.35849577e-02, 5.12574136e-01, 2.83574104e-01,
             4.32335109e-01, 5.24820626e-01, 8.58173132e-01,
             9.00451541e-02, 4.75086868e-01, 1.83059931e-01,
             7.31763318e-02, 2.14807242e-02, 2.52803832e-01,
             9.48635578e-01, 6.08883560e-01, 6.98564947e-01,
             1.89750835e-01, 9.42050695e-01, 1.95826009e-01,
             1.67720288e-01, 1.03418894e-01, 3.18317022e-03,
             9.07666311e-02, 4.98662382e-01, 6.72394395e-01,
             9.06185329e-01, 3.88717234e-01, 8.33883762e-01,
             3.19125473e-01, 1.99915648e-01, 8.65211636e-02,
             2.43449467e-03, 8.97840187e-02, 9.98394847e-01,
             1.74573213e-01, 8.94425869e-01, 6.89983666e-01,
             4.72484231e-01, 5.15242934e-01, 1.75036728e-01,
             9.36365053e-02, 8.29584058e-03, 2.64106601e-01,
             4.84751195e-01, 3.31863254e-01, 4.73221660e-01,
             9.33170259e-01, 3.35703820e-01, 1.59755424e-01,
             7.03203082e-02, 3.58224623e-02, 4.56295125e-02,
             3.34677011e-01, 5.24879575e-01, 8.57631326e-01,
             5.64874589e-01, 5.65021276e-01, 3.89041781e-01,
             6.32647514e-01, 1.42093524e-01, 3.32925431e-02,
             1.38617968e-02, 3.49710286e-01, 6.42589569e-01,
             5.31560779e-01, 5.98111928e-01, 1.62868932e-01,
             8.11918378e-01, 3.90756845e-01, 1.80180147e-01,
             1.59168452e-01, 8.08576704e-04, 3.83062325e-02,
             2.96950221e-01, 3.27600688e-01, 6.65367723e-01,
             3.50417763e-01, 2.38395974e-01, 4.01720762e-01,
             1.17168061e-01, 2.45352164e-02, 4.02850024e-02,
             5.40722609e-01, 8.58212888e-01, 6.24936521e-01,
             3.21849227e-01, 4.11528200e-01, 9.10608098e-02,
             4.70646292e-01, 1.19426906e-01, 2.03719810e-02,
             8.86744540e-03, 2.77186096e-01, 6.62386298e-01,
             4.62561250e-01, 3.01610738e-01, 1.36597380e-01,
             1.26530781e-01, 1.89193428e-01, 1.28729299e-01,
             7.29341879e-02, 5.71576587e-04, 2.56653968e-02,
             8.08988750e-01, 3.21302265e-01, 2.91030109e-01,
             1.71441048e-01, 5.46312213e-01, 3.85456383e-01,
             1.49306685e-01, 9.67486575e-02, 3.95217165e-03,
             2.17583328e-01, 2.81433910e-01, 1.38336703e-01,
             7.20615685e-01, 6.70395941e-02, 6.17884398e-01,
             5.50756574e-01, 1.67100847e-01, 2.00704679e-01,
             6.96029421e-03, 2.06222430e-01, 3.03905815e-01,
             1.14867091e-01, 5.40725887e-01, 1.35485232e-01,
             1.08367160e-01, 2.14382365e-01, 1.32726476e-01,
             7.23167881e-02, 5.88574819e-03, 2.38294408e-01,
             5.28624892e-01, 7.83787668e-02, 1.03810035e-01,
             7.01551676e-01, 9.04289901e-01, 3.06762367e-01,
             1.36831075e-01, 6.12449944e-02, 8.09042063e-03,
             1.91114381e-01, 5.56982338e-01, 6.73541725e-01,
             9.00657654e-01, 5.67205012e-01, 8.76137316e-01,
             4.05799091e-01, 1.78242519e-01, 1.03245586e-01,
             1.72013938e-02, 3.56271684e-01, 8.20224702e-01,
             1.40871853e-01, 9.73589063e-01, 6.60776436e-01,
             6.70023203e-01, 5.06066680e-01, 1.71500474e-01,
             1.35240316e-01, 8.78332462e-03, 2.44186327e-01,
             5.94435513e-01, 6.78385735e-01, 3.18931162e-01,
             3.07551205e-01, 4.28077430e-01, 6.38060153e-01,
             1.20067991e-01, -2.55533028e-02, 9.19381902e-03,
             2.91638255e-01, 4.79935765e-01, 1.15339637e-01,
             2.79872626e-01, 7.83587456e-01, 2.47442052e-01,
             1.63323179e-01, 2.90659498e-02, 1.69393774e-02,
             1.56896394e-02, 1.18346363e-01, 8.80684853e-01,
             4.82105076e-01, 7.72482753e-01, 1.30859435e-01,
             3.77103269e-01, 3.10191572e-01, 1.58188969e-01,
             1.16104528e-01, 3.10313859e-04, 1.31532913e-02,
             6.13162100e-01, 8.96334350e-02, 5.18784583e-01,
             5.27714714e-02, 4.22346741e-01, 3.90772671e-01,
             1.61096767e-01, 1.51003614e-01, 4.84040100e-03,
             1.85752496e-01, 2.56286770e-01, 1.21257119e-01,
             7.36495554e-01, 4.11595374e-01, 2.11508349e-01,
             3.35293204e-01, 1.12367615e-01, 1.54226022e-02,
             1.98156163e-01, 8.05720866e-01, 4.01284099e-01,
