%YAML:1.0
Dataset: data_test
Model: "DFS1_SFS1_40000_random_40_5_2_0.01_0_5"
FeatureCount: 1
Data:
   -
      VideoID: 112
      StartFrameNr: 53952
      FrameCount: 41
      Clazz: 1
      Features: !!opencv-matrix
         rows: 40
         cols: 10
         dt: f
         data: [ 3.60510528e-01, 6.47891581e-01, 1.71251357e-01,
             1.83898360e-01, 1.00135922e-01, 5.57607273e-03,
             2.20791101e-01, 3.19738358e-01, 6.36421561e-01,
             9.34456825e-01, 8.26464117e-01, 5.12291729e-01,
             2.65645266e-01, 2.12420687e-01, 1.00888282e-01,
             9.82539449e-03, 2.97286302e-01, 4.23239708e-01,
             9.32117105e-01, 5.12280762e-01, 3.21001649e-01,
             6.32684052e-01, 1.10694587e-01, 1.60889149e-01,
             8.33404735e-02, 3.61045939e-04, 1.20769897e-02,
             4.32089269e-01, 3.44795346e-01, 6.56698644e-01,
             2.24720433e-01, 8.33008528e-01, 3.78872991e-01,
             2.75156707e-01, 2.23437071e-01, 3.35533805e-02,
             4.53086913e-01, 1.60446331e-01, 8.50224733e-01,
             4.80766833e-01, 4.97064710e-01, 2.35746816e-01,
             3.23671162e-01, 2.02154383e-01, 7.78191984e-02,
             7.32774287e-03, 2.64910400e-01, 6.67564452e-01,
             3.09578389e-01, 4.49455440e-01, 4.48539615e-01,
             8.81985307e-01, 6.53706014e-01, 2.47972533e-01,
             2.63610482e-01, 5.42898700e-02, 4.32962030e-01,
             3.06271642e-01, 7.92748928e-01, 7.11145580e-01,
             1.15982041e-01, 7.16345131e-01, 2.03281328e-01,
             1.45778239e-01, 8.76666903e-02, 1.32331834e-03,
             5.49797863e-02, 2.21623704e-01, 1.33890361e-01,
             7.61207223e-01, 2.89298724e-02, 8.64660144e-01,
             1.26816347e-01, 1.30258858e-01, 8.21470097e-02,
             1.34876790e-03, 4.82352935e-02, 9.42670256e-02,
             1.81520104e-01, 8.75733137e-01, 6.96200848e-01,
             1.01809613e-01, 4.80246931e-01, 2.83429921e-01,
             1.26964480e-01, 1.89271774e-02, 3.45228165e-01,
             4.97883797e-01, 6.95466161e-01, 1.91176102e-01,
             4.78770472e-02, 5.76442122e-01, 2.96468973e-01,
             1.33302316e-01, 6.71739578e-02, 7.71489576e-04,
             2.84247641e-02, 1.36206239e-01, 7.25727081e-02,
             8.85521710e-01, 8.06243479e-01, 3.71164471e-01,
             4.17521656e-01, 2.80651450e-01, 1.27213240e-01,
             4.11623949e-03, 1.59882113e-01, 1., 8.50269675e-01,
             4.25464869e-01, 1.02625214e-01, 3.26681942e-01,
             3.77913117e-01, 1.74872115e-01, 6.56064302e-02,
             5.84904011e-03, 2.21261159e-01, 3.83609086e-01,
             5.56470603e-02, 6.54217482e-01, 6.22379929e-02,
             8.45777571e-01, 1.66797101e-01, 1.40373304e-01,
             9.13078338e-02, 2.06368156e-02, 2.82996505e-01,
             2.16237023e-01, 4.20609832e-01, 6.28866792e-01,
             4.70534086e-01, 4.38977003e-01, 3.64917874e-01,
             1.78626508e-01, 4.15728055e-02, 9.04671103e-03,
             2.83760339e-01, 3.75529051e-01, 4.68225271e-01,
             3.80243242e-01, 8.92620206e-01, 8.94518554e-01,
             2.99226105e-01, 2.10884705e-01, 9.23341662e-02,
             9.00036935e-03, 1.62305221e-01, 6.11773789e-01,
             7.97112584e-01, 7.70848930e-01, 8.52412522e-01,
             7.17280686e-01, 1.89335853e-01, 1.03453994e-01,
             4.42313664e-02, 1.31716896e-02, 1.25449836e-01,
             5.32897294e-01, 1.58611596e-01, 5.54669678e-01,
             6.36113286e-01, 7.74538279e-01, 4.53508496e-01,
             1.68267891e-01, 1.67276263e-01, 3.55134578e-03,
             1.39251277e-01, 2.41246641e-01, 3.45242500e-01,
             9.21470582e-01, 9.06557143e-01, 1.47373125e-01,
             4.19960171e-01, 2.60245025e-01, 1.08986244e-01,
             8.54200590e-03, 1.70283318e-01, 7.59522915e-01,
             8.99803102e-01, 1.89532772e-01, 2.37587363e-01,
             9.00437474e-01, 6.10771298e-01, 3.15467387e-01,
             2.95239687e-01, 1.90812536e-02, 3.29629987e-01,
             4.14005399e-01, 1.23286307e-01, 3.30059826e-01,
             3.77272666e-01, 8.86068285e-01, 7.55153537e-01,
             1.95518449e-01, 3.16380501e-01, 9.38838441e-03,
             1.46982402e-01, 4.65948462e-01, 6.23434544e-01,
             5.52660346e-01, 7.96708584e-01, 4.32259262e-01,
             9.58872810e-02, 1.01341993e-01, 4.40279879e-02,
             6.78008273e-02, 2.23945707e-01, 1.36591002e-01,
             5.50010204e-01, 5.21922350e-01, 9.59723294e-01,
             5.95616281e-01, 5.51459908e-01, 1.58763111e-01,
             1.03841051e-01, 3.10450830e-02, 2.53018528e-01,
             2.95113504e-01, 5.21408975e-01, 7.45642424e-01,
             5.69564223e-01, 4.85575259e-01, 2.65381336e-01,
             1.89010695e-01, 6.65898919e-02, 2.38306560e-02,
             4.52204466e-01, 4.64024633e-01, 5.38146913e-01,
             8.30160022e-01, 1.19106874e-01, 8.69557321e-01,
             3.81230265e-01, 2.57997632e-01, 2.16701254e-01,
             4.69916733e-03, 1.91171333e-01, 2.93959230e-01,
             3.67099464e-01, 9.05392706e-01, 3.01798493e-01,
             3.42235476e-01, 2.71235257e-01, 1.96259692e-01,
             6.88221678e-02, 5.39365644e-03, 2.20469519e-01,
             4.29780692e-01, 3.68375480e-01, 2.68393815e-01,
             3.82543981e-01, 7.92597458e-02, 3.15395653e-01,
             2.11215913e-01, 1.15393043e-01, 2.62512430e-03,
             1.12382300e-01, 4.90573317e-01, 3.41166466e-01,
             9.18320939e-02, 9.03690457e-02, 8.36127400e-02,
             4.27059144e-01, 1.88344404e-01, 7.76842907e-02,
             5.31322032e-04, 1.43536711e-02, 4.59022701e-01,
             2.29314491e-01, 1.16734311e-01, 1.27988085e-01,
             6.04222417e-01, 2.36704543e-01, 1.62210211e-01,
             9.09802169e-02, 4.50364873e-03, 2.18475327e-01,
             3.74759525e-01, 1.75322831e-01, 8.51480007e-01,
             1.65153205e-01, 5.33707023e-01, 2.73516804e-01,
             1.72850639e-01, 1.10879824e-01, 8.01343936e-04,
             3.43909040e-02, 2.16621786e-01, 2.65844554e-01,
             6.12586260e-01, 2.17088506e-01, 1.27495721e-01,
             3.75357509e-01, 2.32360214e-01, 1.22929096e-01,
             3.70606594e-03, 1.64540708e-01, 4.89803791e-01,
             6.52056783e-02, 1.13317341e-01, 6.51883960e-01,
             9.42698658e-01, 6.14296138e-01, 1.92401916e-01,
             9.15360302e-02, 2.21403483e-02, 1.61576003e-01,
             3.66294742e-01, 1.26493394e-01, 3.06204259e-01,
             5.79110384e-01, 7.83349872e-01, 4.64641124e-01,
             1.85404450e-01, 1.59779936e-01, 1.18929371e-02,
             3.43439221e-01, 4.87495214e-01, 6.36830986e-01,
             3.41435164e-01, 5.69759250e-01, 5.52776515e-01,
             3.59957397e-01, 1.83521435e-01, 2.83264816e-02,
             2.76123792e-01, 7.34917760e-01, 1.81608319e-01,
             7.99014449e-01, 5.30561507e-02, 3.66011709e-01,
             5.22598684e-01, 2.11867839e-01, 1.99684530e-01,
             8.09465051e-02, 2.66027395e-02, 4.13135439e-01,
             1.68911129e-01, 5.92530549e-01, 6.27942801e-01,
             6.64613008e-01, 1.48838431e-01, 4.71627712e-01,
             3.05080563e-01, 1.40582323e-01, 4.44182241e-03,
             1.59813449e-01, 6.78337812e-01, 5.75432777e-01,
             9.02208388e-02, 1.03843287e-01, 2.77086467e-01,
             3.92386734e-01, 1.87797546e-01, 6.18134141e-02,
             8.78274092e-04, 3.58558930e-02, 2.72412479e-01,
             9.36700478e-02, 4.60557699e-01, 8.51570293e-02,
             4.15092945e-01, 3.48686427e-01, 1.54402643e-01,
             8.86054486e-02, 5.82854846e-04, 2.57652476e-02,
             2.34320894e-01, 1.28443331e-01, 6.65245056e-01,
             3.13625157e-01, 3.65098119e-01, 2.99077570e-01,
             1.92600742e-01, 5.81405684e-02, 1.25567056e-03,
             4.52270173e-02, 3.37822258e-01, 6.77223504e-02,
