%YAML:1.0
Dataset: data_test
Model: "DFS1_SFS1_40000_random_40_5_2_0.01_0_5"
FeatureCount: 1
Data:
   -
      VideoID: 119
      StartFrameNr: 22965
      FrameCount: 495
      Clazz: 23
      Features: !!opencv-matrix
         rows: 40
         cols: 10
         dt: f
         data: [ 2.36236945e-01, 6.57724440e-01, 6.45458519e-01,
             -3.73495161e-03, 5.20814806e-02, 8.73526838e-03,
             2.87752628e-01, 3.41476351e-01, 1.91745311e-01,
             9.10762548e-01, 7.54483640e-01, 4.16910201e-01,
             6.01580858e-01, 2.46388819e-02, 5.32001927e-02,
             1.24422149e-04, 5.27195120e-03, 8.67764175e-01,
             5.97109079e-01, 5.56341887e-01, 2.65630573e-01,
             6.66172028e-01, 6.48023844e-01, 3.91568709e-03,
             4.75714505e-02, 4.00579534e-02, 5.21431684e-01,
             5.88422716e-01, 4.36519325e-01, 5.55473804e-01,
             4.11321431e-01, 8.20643544e-01, 2.03821734e-01,
             8.20885822e-02, 7.03742355e-02, 2.17265058e-02,
             2.78066874e-01, 5.18321812e-01, 4.84685004e-02,
             8.81914496e-01, 5.50324142e-01, 1.89215615e-01,
             2.21607164e-01, 6.16721027e-02, 4.14715223e-02,
             3.18521336e-02, 3.48290324e-01, 5.35315990e-01,
             5.74742794e-01, 2.08266854e-01, 3.27459902e-01,
             8.07551086e-01, 2.25719362e-01, 4.36525941e-02,
             4.47853655e-02, 5.77633306e-02, 5.47066212e-01,
             3.02708447e-01, 5.78368723e-01, 9.11943793e-01,
             7.38522336e-02, 7.39476621e-01, 7.31417164e-02,
             3.15285176e-02, 3.05260401e-02, 2.47636042e-03,
             1.16624638e-01, 2.58629829e-01, 1.38668239e-01,
             2.24373400e-01, 1.15740813e-01, 7.79067338e-01,
             1.27773434e-01, 3.04080322e-02, 4.32392545e-02,
             6.44505909e-03, 2.37526536e-01, 2.76686132e-01,
             6.49975911e-02, 9.13512111e-02, 6.45181894e-01,
             1.67782381e-01, 6.72162414e-01, 7.18030659e-03,
             5.70282452e-02, 4.75935591e-03, 2.62138993e-01,
             4.64152932e-01, 7.19178081e-01, 1.64992169e-01,
             1.06145956e-01, 5.14486849e-01, 2.08301127e-01,
             5.27772643e-02, 3.79412249e-02, 2.93233711e-02,
             4.52060908e-01, 1.37546465e-01, 2.96800673e-01,
             2.12564975e-01, 9.15804625e-01, 3.30201834e-01,
             5.17664909e-01, -2.95335136e-04, 3.08962557e-02,
             5.89161552e-03, 5.64333536e-02, 8.77854466e-01,
             8.87017012e-01, 7.89841712e-01, 8.40164572e-02,
             3.43160093e-01, 1.66792005e-01, 7.10404739e-02,
             4.99966703e-02, 5.31598274e-03, 2.08277911e-01,
             2.40042478e-01, 2.52118349e-01, 5.14159441e-01,
             8.65518302e-02, 9.33401704e-01, 1.06021151e-01,
             5.17232604e-02, 5.64048514e-02, 7.23358290e-03,
             2.21041501e-01, 3.51035565e-01, 1.80200547e-01,
             7.72297561e-01, 4.18433964e-01, 5.59659481e-01,
             2.80236095e-01, 1.11068904e-01, 7.18047991e-02,
             1.42478757e-02, 3.16121191e-01, 8.73605907e-01,
             2.76733845e-01, 6.53436661e-01, 8.93788397e-01,
             8.74862015e-01, 4.94594842e-01, -8.61765631e-03,
             1.92177724e-02, 7.90082663e-03, 4.59738374e-02,
             9.61763144e-01, 5.98784268e-01, 7.16811419e-01,
             7.82414973e-01, 7.64828742e-01, 3.74743521e-01,
             1.32832266e-02, 1.78595949e-02, 1.23121450e-02,
             2.68265665e-01, 4.97079104e-01, 8.20061505e-01,
             8.83203387e-01, 6.04697645e-01, 8.05462658e-01,
             7.81746686e-01, 2.74859853e-02, 4.24534678e-02,
             3.43088917e-02, 3.16105694e-01, 4.28571403e-01,
             6.00452125e-01, 8.71192396e-01, 8.99088979e-01,
             1.07154280e-01, 6.50983095e-01, -2.13014651e-02,
             4.31487300e-02, 6.66083302e-03, 7.17092156e-02,
             7.89166212e-01, 8.15259993e-01, 1.04367897e-01,
             4.05305386e-01, 8.55924666e-01, 2.11586311e-01,
             9.74363014e-02, 8.49257410e-02, 1.64357887e-03,
             5.84261157e-02, 4.18481141e-01, 3.44497323e-01,
             8.46823335e-01, 2.96960264e-01, 8.87444496e-01,
             4.98910159e-01, 7.48317176e-03, 5.05332500e-02,
             1.85696762e-02, 3.69574636e-01, 4.38661695e-01,
             2.94039935e-01, 9.17178214e-01, 6.94859743e-01,
             5.04763126e-01, 5.74935496e-01, 6.10123016e-02,
             6.13955818e-02, 3.76937981e-03, 2.00428754e-01,
             4.58311200e-01, 7.10530877e-01, 4.11938518e-01,
             9.05142665e-01, 6.05529726e-01, 4.94844347e-01,
             -7.50193838e-03, 2.51777451e-02, 4.47114790e-03,
             2.48289090e-02, 1., 9.37847495e-01, 5.03186226e-01,
             6.02935255e-01, 4.14699078e-01, 6.72690570e-01,
             3.58151086e-02, 5.34180999e-02, 1.33443426e-03,
             6.88720942e-02, 4.59904402e-01, 9.91412997e-02,
             3.88543874e-01, 1.05245702e-01, 8.89053166e-01,
             1.49386227e-01, 4.34683785e-02, 6.30326718e-02,
             9.50894260e-04, 3.50149311e-02, 4.15294737e-01,
             1.19850211e-01, 9.04597640e-01, 4.10988748e-01,
             3.67081404e-01, 2.66858518e-01, 1.12386622e-01,
             9.66245905e-02, 4.97827539e-03, 1.55646399e-01,
             8.82634044e-01, 4.81084138e-01, 3.75477433e-01,
             4.25081342e-01, 1.03904001e-01, 1.87760085e-01,
             9.13285911e-02, 8.12869370e-02, 3.22659896e-03,
             1.14214130e-01, 7.96601176e-01, 5.11177778e-01,
             1.07722305e-01, 1.12628721e-01, 8.83734450e-02,
             1.77196592e-01, 1.13247812e-01, 8.63774121e-02,
             4.28195670e-03, 1.69242293e-01, 6.34625554e-01,
             2.41250366e-01, 6.80857822e-02, 1.06027462e-01,
             5.95793486e-01, 1.55901998e-01, 6.32539168e-02,
             4.01177406e-02, 6.98120450e-04, 2.54380163e-02,
             3.35634619e-01, 8.23781863e-02, 5.10771453e-01,
             7.86494985e-02, 5.75739264e-01, 1.70148611e-01,
             6.47853017e-02, 4.11762521e-02, 5.16066793e-03,
             2.00836331e-01, 3.21826875e-01, 1.36113316e-01,
             7.00403929e-01, 2.42357284e-01, 1.25815392e-01,
             2.29419068e-01, 1.10843942e-01, 6.04912899e-02,
             2.10297201e-02, 3.90905112e-01, 7.77482748e-01,
             1.17961183e-01, 3.04505169e-01, 6.56614006e-01,
             9.36489046e-01, 7.16795504e-01, 1.30972061e-02,
             4.21879515e-02, 2.18764469e-02, 1.41507968e-01,
             4.25916076e-01, 5.86801529e-01, 8.51331711e-01,
             5.97562671e-01, 8.38599443e-01, 7.80604124e-01,
             1.67412832e-02, 4.92387228e-02, 6.21877494e-04,
             2.55525094e-02, 5.26287854e-01, 5.89093983e-01,
             8.90411437e-01, 5.78612387e-01, 6.23632967e-01,
             6.53438509e-01, 1.29665464e-01, 6.22836016e-02,
             3.03966668e-03, 1.65789187e-01, 4.24853951e-01,
             7.27259696e-01, 4.78030086e-01, 3.43102932e-01,
             2.84757614e-01, 3.06262910e-01, 8.38526785e-02,
             4.81155030e-02, 1.65443808e-01, 7.16319382e-01,
             5.08762598e-01, 3.57766360e-01, 6.95287764e-01,
             7.20112026e-01, 1.40652597e-01, 7.22082198e-01,
             4.22569225e-03, 5.67539819e-02, 4.24833881e-04,
             1.87246203e-02, 9.99468923e-01, 8.88285220e-01,
             2.87777930e-01, 7.34921023e-02, 2.08291456e-01,
             1.30907789e-01, 8.61148685e-02, 6.17329143e-02,
             5.25772979e-04, 2.19900012e-02, 3.68560791e-01,
             4.05818433e-01, 2.49916494e-01, 7.21992850e-02,
             3.90778393e-01, 1.62426263e-01, 7.33992904e-02,
             4.80993167e-02, 2.87235220e-04, 1.16976527e-02,
             3.96176308e-01, 9.62952822e-02, 6.48415923e-01,
             2.37573966e-01, 3.86927068e-01, 7.59298205e-01,
             8.59332923e-03, 5.83423227e-02, 5.79505600e-02,
             5.47812998e-01, 6.51088655e-01, 3.19952339e-01,
