%YAML:1.0
Dataset: data_test
Model: "DFS1_SFS1_40000_random_40_5_2_0.01_0_5"
FeatureCount: 1
Data:
   -
      VideoID: 119
      StartFrameNr: 23499
      FrameCount: 360
      Clazz: 23
      Features: !!opencv-matrix
         rows: 40
         cols: 10
         dt: f
         data: [ 2.54071057e-01, 6.37645960e-01, 6.47575498e-01,
             2.87133288e-02, 3.74717154e-02, 4.88775186e-02,
             5.46201289e-01, 3.52486730e-01, 5.94031394e-01,
             7.07018852e-01, 7.75348961e-01, 5.41829884e-01,
             2.04783157e-01, 9.93559733e-02, 7.14719668e-02,
             2.21917685e-02, 3.76585245e-01, 3.45243841e-01,
             7.54025221e-01, 5.57546258e-01, 2.82287419e-01,
             7.63264418e-01, 7.05861151e-01, 2.88798772e-02,
             3.60467583e-02, 1.09027587e-02, 2.19871834e-01,
             7.62916505e-01, 2.25844845e-01, 8.51999700e-01,
             1.26443684e-01, 5.34368992e-01, 9.31822121e-01,
             9.81636904e-03, 1.53894387e-02, 5.85726500e-02,
             4.87786353e-01, 2.54466444e-01, 3.16484123e-01,
             6.39120936e-01, 4.87203032e-01, 2.82309026e-01,
             2.30161041e-01, 3.31431814e-02, 2.73786355e-02,
             6.90917764e-03, 2.14081079e-01, 6.00193143e-01,
             3.61976445e-01, 8.95420015e-02, 3.18535537e-01,
             9.66380715e-01, 8.57990086e-01, 3.02223135e-02,
             1.70989577e-02, 3.35608602e-01, 6.08706236e-01,
             9.85031426e-02, 4.22452092e-01, 8.32758904e-01,
             9.01383385e-02, 6.00913465e-01, 3.12122881e-01,
             8.12711865e-02, 6.68355376e-02, 6.64752126e-02,
             5.55374563e-01, 2.43360698e-01, 1.43220440e-01,
             5.02049923e-01, 4.40748744e-02, 8.45089197e-01,
             3.53075773e-01, 1.26420408e-01, 7.10500479e-02,
             2.35760435e-02, 3.32923800e-01, 3.31240952e-01,
             7.13890940e-02, 5.46392798e-01, 7.69768119e-01,
             1.80415973e-01, 2.23188713e-01, 8.46338049e-02,
             5.71409091e-02, 4.68745902e-02, 5.03495872e-01,
             5.45147300e-01, 5.76963782e-01, 2.91151911e-01,
             3.07895802e-02, 5.08962870e-01, 3.46487224e-01,
             8.23906884e-02, 1.31229565e-01, 8.46400112e-03,
             2.68512160e-01, 3.05166602e-01, 4.86987047e-02,
             8.68852496e-01, 8.30967665e-01, 2.95707196e-01,
             2.49387071e-01, 1.09935619e-01, 7.77074322e-02,
             1.04346136e-02, 2.75221378e-01, 7.72573650e-01,
             1.14612997e-01, 2.64118731e-01, 8.24870393e-02,
             3.12707961e-01, 3.19892526e-01, 5.19613326e-02,
             7.18218982e-02, 3.86307612e-02, 5.17210424e-01,
             3.14340919e-01, 6.98455453e-01, 5.52946568e-01,
             5.86690865e-02, 9.21226382e-01, 4.07467902e-01,
             1.59433991e-01, 1.63828626e-01, 9.67318285e-03,
             1.46700859e-01, 1.86866254e-01, 2.37042636e-01,
             3.99734259e-01, 4.11924928e-01, 5.67008972e-01,
             6.16110384e-01, 2.99673900e-02, 3.67776901e-02,
             2.91530835e-03, 1.10493191e-01, 6.78899109e-01,
             1.16368234e-01, 7.24286556e-01, 9.27516520e-01,
             8.66468310e-01, 8.38386416e-02, 7.12426230e-02,
             4.05794159e-02, 1.60973764e-03, 6.18152693e-02,
             7.48430729e-01, 8.64674032e-01, 8.97353411e-01,
             8.47662151e-01, 4.65257257e-01, 2.25220725e-01,
             1.12716563e-01, 1.11597128e-01, 2.88931886e-03,
             1.07051030e-01, 3.94012570e-01, 6.17785573e-01,
             4.71806288e-01, 7.64463186e-01, 7.43016303e-01,
             2.35321209e-01, 1.30823970e-01, 9.25656557e-02,
             5.90092922e-03, 2.19623640e-01, 6.08884633e-01,
             9.12853599e-01, 4.33678865e-01, 8.77767861e-01,
             1.29660726e-01, 1.07750073e-01, 3.99913304e-02,
             3.96325998e-02, 2.96854204e-03, 9.30439010e-02,
             9.12119806e-01, 8.51207793e-01, 1.70413584e-01,
             2.11085349e-01, 8.71031463e-01, 8.58597279e-01,
             2.56486684e-02, 2.22915802e-02, 5.79636507e-02,
             5.11201620e-01, 5.57218730e-01, 8.75466108e-01,
             6.72071040e-01, 4.40788031e-01, 8.46496880e-01,
             7.71691680e-01, 3.80470194e-02, 4.21149954e-02,
             6.16752058e-02, 5.62162519e-01, 1., 2.72040606e-01,
             9.10137296e-01, 6.63213193e-01, 3.86428833e-01,
             1.91531345e-01, 1.18860044e-01, 5.02362140e-02,
             1.07568009e-02, 3.19725096e-01, 5.83293140e-01,
             9.48425531e-02, 6.47246540e-02, 9.46300089e-01,
             5.33161640e-01, 1.01848803e-01, 9.04243365e-02,
             7.73541033e-02, 2.38941447e-03, 9.24425125e-02,
             7.15596378e-01, 6.33975387e-01, 1.13301784e-01,
             5.41856647e-01, 4.34090793e-01, 2.72174597e-01,
             1.14637807e-01, 6.02452382e-02, 8.65971949e-03,
             2.77454108e-01, 3.93046856e-01, 6.28166914e-01,
             4.13388133e-01, 4.31353778e-01, 8.24515641e-01,
             3.05351406e-01, 8.75052735e-02, 5.89227639e-02,
             2.11108640e-01, 7.31704175e-01, 1.57894745e-01,
             7.53986239e-02, 3.29967022e-01, 4.00734365e-01,
             2.71970451e-01, 2.96876252e-01, 4.69523743e-02,
             2.44248398e-02, 6.80901557e-02, 5.58215380e-01,
             5.21004379e-01, 1.25876486e-01, 8.88820350e-01,
             3.16297144e-01, 8.51349533e-02, 6.39465749e-01,
             2.81534735e-02, 3.41207609e-02, 1.52092716e-02,
             2.99263090e-01, 3.07098031e-01, 3.30556691e-01,
             2.82451987e-01, 1.01558149e-01, 1.39378935e-01,
             2.98396915e-01, 1.65440321e-01, 1.72980279e-01,
             1.45168172e-03, 5.95026389e-02, 4.42781270e-01,
             9.00123790e-02, 1.48199424e-01, 1.06070720e-01,
             5.17591238e-01, 9.75594640e-01, 6.07775338e-03,
             -8.36614170e-04, 1.38716446e-02, 1.44198522e-01,
             1.54514730e-01, 1.03509091e-01, 9.21150923e-01,
             1.23326257e-01, 7.51709640e-01, 9.76322472e-01,
             7.17505114e-03, 1.36939355e-03, 5.95729705e-03,
             9.08163637e-02, 2.66537905e-01, 2.37183213e-01,
             8.60793412e-01, 1.16593666e-01, 1.17511690e-01,
             2.98171788e-01, 1.61472395e-01, 1.53532431e-01,
             7.44705321e-03, 2.58310080e-01, 6.39304698e-01,
             3.47533137e-01, 9.85693336e-02, 6.63516283e-01,
             9.29600716e-01, 2.41607383e-01, 1.23945616e-01,
             1.16680577e-01, 1.57174114e-02, 2.80538052e-01,
             3.93529713e-01, 2.84991145e-01, 1.99557841e-01,
             6.52493715e-01, 8.93527031e-01, 2.79088408e-01,
             1.35957465e-01, 1.36988059e-01, 2.88379518e-03,
             1.01635002e-01, 4.87204254e-01, 6.29062057e-01,
             9.02308106e-01, 6.12557888e-01, 6.67327940e-01,
             2.32761934e-01, 1.29880443e-01, 7.24945515e-02,
             1.43480664e-02, 3.23330313e-01, 3.26895237e-01,
             2.84452438e-01, 6.74229622e-01, 3.62443596e-01,
             5.43647945e-01, 5.37569404e-01, 3.39634158e-02,
             4.09660153e-02, 1.28452051e-02, 3.27165067e-01,
             6.67310476e-01, 4.79973823e-01, 8.87617707e-01,
             5.94011188e-01, 8.11200738e-02, 2.75367320e-01,
             1.29356802e-01, 8.88692215e-02, 6.61453046e-03,
             2.32644364e-01, 8.98599744e-01, 3.61245781e-01,
             4.93072391e-01, 3.86101991e-01, 2.41658360e-01,
             3.51263225e-01, 4.09047902e-02, -9.10172937e-04,
             3.96175295e-01, 8.91178012e-01, 3.59246761e-01,
             5.27586281e-01, 6.48287892e-01, 2.58195609e-01,
             3.49756122e-01, 8.36014807e-01, 1.73695423e-02,
             2.61884667e-02, 2.59008616e-01, 8.27609479e-01,
             3.25929523e-01, 8.25876832e-01, 7.04531133e-01,
             2.58759648e-01, 2.39125565e-01, 6.89265728e-01,
             3.11335269e-02, 4.11147848e-02, 7.66156018e-02,
             6.52929485e-01, 7.75953650e-01, 4.83639151e-01,
