%YAML:1.0
Dataset: data_test
Model: "DFS1_SFS1_40000_random_40_5_2_0.01_0_5"
FeatureCount: 1
Data:
   -
      VideoID: 138
      StartFrameNr: 0
      FrameCount: 700
      Clazz: 25
      Features: !!opencv-matrix
         rows: 40
         cols: 10
         dt: f
         data: [ 3.49798113e-01, 7.74229705e-01, 4.53564793e-01,
             2.34507054e-01, 1.24607235e-01, 9.21737868e-03,
             3.48362684e-01, 3.63592237e-01, 4.86408472e-01,
             4.58286524e-01, 9.67072904e-01, 4.60272282e-01, 0.,
             5.63596375e-04, -7.26957689e-04, 1.76837225e-03,
             1.22311022e-02, 4.67961162e-01, 9.09667134e-01,
             4.70957935e-01, 2.96046793e-01, 7.05440164e-01,
             7.73945570e-01, 5.87762296e-02, 5.77406920e-02,
             1.01070001e-03, 4.98386919e-02, 5.20388365e-01,
             5.94834507e-01, 8.24781120e-01, 1.70384690e-01,
             8.12172592e-01, 4.31428244e-03, 6.52418879e-04,
             2.85714166e-03, 1.72498245e-02, 7.78150782e-02,
             1.69902921e-01, 1.68046847e-01, 6.30581379e-01,
             5.23014307e-01, 1.96315601e-01, 3.51703703e-01,
             2.30526160e-02, 8.99010599e-02, 7.32912403e-03,
             3.14271748e-01, 1., 6.12616479e-01, 8.02520394e-01,
             3.63670766e-01, 8.91497493e-01, 5.92227697e-01,
             1.20143704e-01, 6.24140762e-02, 9.11167860e-02,
             5.13467968e-01, 1.91747576e-01, 5.01049221e-01,
             7.86793411e-01, 1.04042500e-01, 7.03722835e-01,
             1.45569548e-03, -6.47861802e-04, 5.31578960e-04,
             5.92809556e-06, 1.68532686e-04, 2.30097085e-01,
             9.23344865e-02, 6.89180911e-01, 5.99653833e-02,
             7.68410683e-01, 6.56108605e-04, 0., 0., 0., 0.,
             2.14563116e-01, 1.74228296e-01, 8.01722169e-01,
             6.55104518e-01, 8.22276920e-02, 3.98816645e-01,
             1.13491472e-02, 7.70429447e-02, 2.81414762e-03,
             1.43910557e-01, 9.88834977e-01, 5.56095243e-01,
             1.88064903e-01, 3.21311429e-02, 6.06229484e-01,
             4.99999987e-05, 0., 0., 0., 0., 1.94174767e-01,
             4.21857126e-02, 5.95006943e-01, 7.64720082e-01,
             4.01405931e-01, 2.16453895e-01, 4.08619717e-02,
             5.69212399e-02, 1.18910391e-02, 2.07505390e-01,
             4.79126215e-01, 6.58240020e-01, 3.45084012e-01,
             6.43762201e-02, 3.91045749e-01, 4.53900662e-04,
             -8.93505348e-05, 2.68051517e-04, 0., 0., 3.42233002e-01,
             4.19739522e-02, 3.95581990e-01, 5.31516448e-02,
             8.60439777e-01, 2.23713650e-05, 0., 0., 0., 0.,
             2.16990292e-01, 5.22463545e-02, 7.66991735e-01,
             3.52253914e-01, 4.43996012e-01, 5.13287425e-01,
             7.95152709e-02, 8.24252665e-02, 4.16783011e-03,
             2.38946229e-01, 6.66019440e-01, 4.00967598e-01,
             8.80277753e-02, 9.31799769e-01, 8.54624629e-01,
             4.53134475e-04, 9.38429788e-04, -1.36854348e-03,
             4.91410401e-03, 2.08955128e-02, 7.82038867e-01,
             8.69365394e-01, 8.40994835e-01, 8.21275353e-01,
             6.26220345e-01, 3.41559023e-01, 2.73966510e-02,
             7.59535879e-02, 1.02364330e-03, 4.62274216e-02,
             6.34951472e-01, 6.58144116e-01, 6.43416643e-01,
             5.79004765e-01, 8.82676244e-01, 5.35552502e-01,
             8.17005038e-02, 3.95058505e-02, 2.42344197e-02,
             3.17103803e-01, 5.35922348e-01, 1.03360355e-01,
             2.42556930e-01, 9.38286245e-01, 1.21364936e-01,
             5.47417032e-04, 2.18553934e-04, -3.03547189e-04,
             2.18808465e-03, 1.26439864e-02, 6.29611671e-01,
             8.71730745e-01, 1.35245636e-01, 2.24390522e-01,
             9.48432565e-01, 2.77272589e-03, 1.61059608e-04,
             6.80028461e-04, 3.01172622e-02, 5.48289269e-02,
             2.13592231e-01, 2.63666868e-01, 9.43573296e-01,
             3.44501793e-01, 8.70920479e-01, 7.13518262e-01,
             1.00105666e-01, 5.97169548e-02, 8.41487758e-03,
             1.94201291e-01, 5.89320421e-01, 3.36749703e-01,
             6.68136835e-01, 6.06352627e-01, 4.79383916e-01,
             3.60135198e-01, 6.46209866e-02, 6.22539483e-02,
             4.82261507e-03, 2.44504526e-01, 6.78155363e-01,
             3.02619994e-01, 2.68761337e-01, 8.58441234e-01,
             4.39928442e-01, 4.83150184e-01, -1.29239960e-02,
             1.58578813e-01, 2.29633804e-02, 4.40103054e-01,
             3.89805824e-01, 7.51856923e-01, 1.89747006e-01,
             5.40227294e-01, 3.70620996e-01, 3.48509490e-01,
             4.50867899e-02, 6.37224987e-02, 1.65569666e-03,
             7.32604116e-02, 5.86407781e-01, 7.22749352e-01,
             5.43469429e-01, 8.90342519e-02, 9.43440795e-01, 0., 0., 0.,
             0., 0., 3.44174773e-01, 5.44319153e-02, 8.54997754e-01,
             2.72213399e-01, 3.54736328e-01, 4.13434774e-01,
             4.52336371e-02, 8.11665878e-02, 8.83697998e-04,
             3.95795815e-02, 5.89320421e-01, 3.52201462e-01,
             2.80131698e-01, 3.35410058e-01, 1.44029006e-01,
             6.80925369e-01, -2.89525446e-02, 2.56523699e-01,
             4.65536676e-03, 2.54818201e-01, 7.39320397e-01,
             6.05923951e-01, 1.14792794e-01, 6.18964247e-02,
             7.91096836e-02, 1.19047618e-05, 0., 0., 0., 0.,
             4.07766998e-01, 6.77410662e-02, 8.28147158e-02,
             9.13176164e-02, 4.96385872e-01, 1.52854424e-03,
             1.16007599e-04, 1.45009486e-04, 2.63306083e-05,
             3.31379037e-04, 2.63592243e-01, 5.68909645e-02,
             9.47183669e-01, 1.16928771e-01, 6.07080936e-01,
             3.27380747e-03, 4.21822246e-04, 3.74953030e-04,
             5.65476192e-04, 5.07936813e-03, 1.63106799e-01,
             1.63098693e-01, 9.31564271e-01, 1.78606316e-01,
             7.84221962e-02, 5.12228161e-03, 2.56761356e-04,
             6.52601826e-04, 1.87857670e-03, 2.72673685e-02,
             3.57281566e-01, 2.11794451e-01, 7.89778754e-02,
             6.18367493e-01, 8.80744219e-01, 6.21176481e-01,
             6.67198151e-02, 4.17082608e-02, 2.04543420e-03,
             5.29900640e-02, 5.19902945e-01, 5.94400764e-01,
             8.33550572e-01, 6.14127219e-01, 7.37419069e-01,
             7.05020308e-01, 4.65521626e-02, 5.08411862e-02,
             2.48319749e-03, 1.40970692e-01, 6.23786449e-01,
             4.96029049e-01, 6.53653383e-01, 5.48989654e-01,
             6.43415213e-01, 5.57197392e-01, 5.86623698e-02,
             5.72883636e-02, 4.78808815e-03, 2.61700243e-01,
             7.34466016e-01, 3.80631804e-01, 8.81272972e-01,
             3.01590681e-01, 6.11799717e-01, 6.81810737e-01,
             6.22858517e-02, 8.14445838e-02, 3.46321263e-03,
             1.95317835e-01, 6.27669930e-01, 3.74252141e-01,
             6.70035601e-01, 8.10243547e-01, 2.23407581e-01,
             5.78747869e-01, -2.40850598e-02, 2.03677416e-01,
             2.48520053e-03, 1.32771745e-01, 7.59708762e-01,
             5.65447628e-01, 1.11232363e-01, 8.80135968e-02,
             2.46138245e-01, 3.36363562e-04, 0., 1.14531111e-04,
             3.59128462e-05, 3.52149538e-04, 5.33980608e-01,
             1.12396933e-01, 5.18797219e-01, 1.60609573e-01,
             3.84078532e-01, 9.78101883e-03, 8.56370945e-03,
             6.37967465e-03, 2.91789807e-02, 3.33203286e-01,
             6.65048584e-02, 1.45136625e-01, 3.83612990e-01,
             2.37273067e-01, 2.84515202e-01, 3.73342514e-01,
             2.64016334e-02, 8.21007416e-02, 8.64100456e-03,
             2.70231873e-01, 4.93689328e-01, 2.81631917e-01,
             4.88611907e-01, 7.95948982e-01, 8.48451674e-01,
             4.39757615e-01, 6.87296838e-02, 5.29325418e-02,
             8.06895271e-03, 1.65350810e-01, 6.99514568e-01,
             6.14394128e-01, 8.43981206e-01, 8.38617802e-01,
             4.38077152e-01, 7.42782414e-01, -4.20012064e-02,
             2.68886089e-01, 3.29064904e-03, 1.92505077e-01,
