%YAML:1.0
Dataset: data_test
Model: "DFS1_SFS1_40000_random_40_5_2_0.01_0_5"
FeatureCount: 1
Data:
   -
      VideoID: 152
      StartFrameNr: 60701
      FrameCount: 686
      Clazz: 25
      Features: !!opencv-matrix
         rows: 39
         cols: 10
         dt: f
         data: [ 2.64397472e-01, 6.11785710e-01, 6.52705908e-01,
             -2.24335901e-02, 2.30649877e-02, 7.59226037e-03,
             2.93794543e-01, 2.81540513e-01, 4.75432158e-01,
             6.67894542e-01, 6.78083420e-01, 4.56513762e-01,
             5.23206055e-01, 1.71216228e-03, 5.11428341e-02,
             3.13318480e-04, 1.47049213e-02, 3.60336423e-01,
             4.67753857e-01, 3.41510803e-01, 3.60413015e-01,
             7.81220198e-01, 6.31194949e-01, -1.52972480e-02,
             3.23613584e-02, 3.24229681e-04, 1.52349109e-02,
             6.56927824e-01, 3.21472347e-01, 5.81172466e-01,
             1.75003156e-01, 8.07984233e-01, 3.65853688e-04,
             -1.92049120e-04, -1.20030716e-04, 3.50231749e-05,
             1.72471127e-03, 2.90393978e-01, 1.92940578e-01,
             8.01062047e-01, 5.42965770e-01, 1.40982404e-01,
             7.35541344e-01, -3.23073789e-02, 4.09724228e-02,
             1.16382912e-03, 5.73491789e-02, 8.85347486e-01,
             5.49882531e-01, 1.35570124e-01, 3.68423611e-01,
             9.24134374e-01, 2.04929430e-02, -4.04790789e-03,
             -9.59298760e-03, 6.77561993e-03, 2.73152053e-01,
             6.28596693e-02, 3.02206337e-01, 4.11703348e-01,
             9.50375870e-02, 6.91203058e-01, 0., 0., 0., 0., 0.,
             2.26648957e-01, 7.53113627e-02, 6.88833773e-01,
             5.38155250e-02, 7.66174257e-01, 0., 0., 0., 0., 0.,
             1.70429394e-01, 6.20346367e-02, 7.70137250e-01,
             7.34988034e-01, 8.94944742e-02, 1.28650269e-03,
             -1.10621483e-03, -4.35028451e-05, 2.76994484e-04,
             1.24056255e-02, 5.60867608e-01, 1.37770712e-01,
             5.18323004e-01, 4.15975414e-02, 5.96078038e-01, 0., 0., 0.,
             0., 0., 2.18680829e-01, 4.48617376e-02, 5.79926789e-01,
             8.65064561e-01, 3.55469257e-01, 6.55156735e-04,
             -4.28731088e-04, 6.62267630e-05, 1.06607542e-04,
             4.69150720e-03, 1., 3.95084620e-01, 9.02417779e-01,
             3.91056649e-02, 3.97688538e-01, 0., 0., 0., 0., 0.,
             2.34617084e-01, 4.53925431e-02, 4.05771494e-01,
             5.31497411e-02, 8.55975568e-01, 0., 0., 0., 0., 0.,
             1.74856126e-01, 5.61683141e-02, 8.55133057e-01,
             4.48363811e-01, 3.93414736e-01, 6.88803196e-01,
             -1.78837124e-02, 4.07232754e-02, 2.30112099e-04,
             1.17511265e-02, 6.05577707e-01, 1.87492013e-01,
             1.74346611e-01, 9.09435272e-01, 8.83248270e-01, 0., 0., 0.,
             0., 0., 7.45019913e-01, 8.21740091e-01, 9.05976653e-01,
             5.31588435e-01, 8.54914784e-01, 5.04365325e-01,
             -3.06623988e-03, 3.67040411e-02, 6.90282963e-04,
             3.56695428e-02, 6.10447109e-01, 6.28073335e-01,
             7.95203984e-01, 9.01824713e-01, 1.35051996e-01, 0., 0., 0.,
             0., 0., 8.77379358e-01, 8.43828619e-01, 1.29624501e-01,
             2.38822833e-01, 9.42306161e-01, 3.13953497e-04,
             -6.40908256e-05, -1.46493287e-04, 1.07053620e-05,
             5.08468598e-04, 3.80699426e-01, 5.67506611e-01,
             8.93140256e-01, 4.11150515e-01, 8.76123309e-01,
             5.79544067e-01, -1.06674898e-02, 1.86722148e-02,
             6.71084644e-03, 2.92992830e-01, 2.13368744e-01,
             4.75691050e-01, 8.77743304e-01, 6.65000200e-01,
             4.44015861e-01, 5.29830515e-01, -3.93700646e-03,
             4.40840274e-02, 5.63585619e-03, 2.74874151e-01,
             2.60292172e-01, 6.56390250e-01, 3.80735070e-01,
             8.97925854e-01, 5.61947823e-01, 3.62637249e-04,
             -2.76888371e-04, 0., 4.91780847e-05, 2.17271852e-03,
             8.05666208e-01, 8.82984877e-01, 6.87749147e-01,
             5.97652376e-01, 3.65923464e-01, 6.12080336e-01,
             -7.15819420e-03, 4.86887805e-02, 3.32407741e-04,
             1.66592151e-02, 5.59982300e-01, 6.79636359e-01,
             3.81366253e-01, 7.59868398e-02, 9.44390416e-01, 0., 0., 0.,
             0., 0., 2.89065957e-01, 1.72927499e-01, 9.31183398e-01,
             3.54547262e-01, 1.84078097e-01, 7.67230570e-01,
             -3.16059403e-02, 1.30466251e-02, 1.19331828e-03,
             6.00746572e-02, 8.91544938e-01, 8.71269703e-02,
             2.59672731e-01, 4.40103292e-01, 1.22710139e-01,
             5.93877733e-01, -4.37318534e-02, -2.21298784e-02,
             2.71546841e-02, 6.62998438e-01, 1.51837096e-01,
             2.23294243e-01, 4.96791631e-01, 6.79931343e-02,
             8.28852206e-02, 0., 0., 0., 0., 0., 4.21868086e-01,
             7.31984526e-02, 7.74281621e-02, 1.10190205e-01,
             5.19290924e-01, 1.76678426e-04, -8.34701277e-05,
             -1.25205188e-04, 2.74508657e-05, 1.15748460e-03,
             2.50553340e-01, 5.93890063e-02, 9.46489453e-01,
             1.62721172e-01, 6.29515827e-01, 5.13157621e-03,
             -5.95731311e-04, -2.69374135e-03, 1.62788166e-03,
             5.68489097e-02, 1.34572819e-01, 2.90917456e-01,
             9.43105519e-01, 2.14693338e-01, 7.63088167e-02,
             1.66666554e-03, -8.38652311e-04, -3.57203797e-04,
             3.88162560e-04, 1.58630554e-02, 4.48871166e-01,
             2.62250870e-01, 5.04269563e-02, 7.07393706e-01,
             9.17071581e-01, 8.59258696e-04, -3.55788739e-04,
             -1.28317275e-04, 1.44506543e-04, 6.90287352e-03,
             5.97609580e-01, 4.46537614e-01, 7.96141624e-02,
             4.86789316e-01, 8.43781173e-01, 2.49169052e-01,
             -9.78994463e-03, -9.86003969e-03, 1.77224744e-02,
             5.89914322e-01, 2.98362106e-01, 7.59002030e-01,
             4.13124293e-01, 5.02696395e-01, 6.28370285e-01,
             5.95344067e-01, -8.96602985e-04, 4.42273207e-02,
             6.35157106e-04, 3.43349241e-02, 6.06463015e-01,
             5.39123416e-01, 5.10651052e-01, 3.13167512e-01,
             5.72116613e-01, 6.70014679e-01, -2.17551515e-02,
             3.84671502e-02, 2.67301919e-04, 1.29284188e-02,
             6.36564851e-01, 3.57669771e-01, 1.97024852e-01,
             4.76617128e-01, 2.18268573e-01, 1.57844573e-01,
             -3.17061432e-02, -2.01574843e-02, 2.36387365e-02,
             6.21922314e-01, 1.99203178e-01, 6.78598702e-01,
             1.25797525e-01, 1.02453649e-01, 2.41733745e-01,
             1.48883366e-04, -1.30256667e-05, -9.76924784e-05,
             2.84368580e-05, 1.22395228e-03, 5.35192549e-01,
             1.58815101e-01, 3.84027779e-01, 1.36578068e-01,
             3.87953013e-01, 1.35869510e-03, -4.56464506e-04,
             -9.27193672e-04, 4.38675255e-04, 1.53784566e-02,
             2.44355902e-01, 1.68080658e-01, 6.46450281e-01,
             2.82809645e-01, 3.93016279e-01, 6.96035683e-01,
             -2.74421796e-02, 2.48359125e-02, 1.84560005e-04,
             7.90329184e-03, 5.65737069e-01, 9.96685028e-02,
             9.58169699e-02, 8.20709944e-01, 7.16426075e-01,
             1.33039011e-03, -7.09951972e-04, 4.46822902e-04,
             2.39283821e-04, 1.09563153e-02, 7.02080548e-01,
             8.91660392e-01, 4.17282015e-01, 6.48243010e-01,
             6.75288439e-01, 4.70875680e-01, 9.17696580e-03,
             4.62138429e-02, 4.52321401e-04, 2.38826498e-02,
             5.51128805e-01, 6.88772857e-01, 6.23890460e-01 ]
