%YAML:1.0
Dataset: data_test
Model: MoHist1_1000_0_0_25
FeatureCount: 1
Data:
   -
      VideoID: 103
      StartFrameNr: 78878
      FrameCount: 521
      Clazz: 1
      Features: !!opencv-matrix
         rows: 2
         cols: 13
         dt: f
         data: [ 1.04250936e-02, 4.57296893e-03, 4.55215992e-03,
             4.97030653e-03, 6.75286911e-03, 2.19702790e-03,
             1.20307482e-03, 6.98183430e-04, 0., 0., 2.59988359e-03,
             5.18771866e-03, 4.82535688e-03, 3.84434522e-03,
             3.15665314e-03, 2.07359158e-03, 2.00319896e-03,
             2.64041079e-03, 2.37379014e-03, 4.91074333e-03,
             3.62255680e-03, 0., 0., 2.46629794e-03, 3.12593859e-03,
             4.23034327e-03 ]
