%YAML:1.0
Dataset: data_test
Model: MoHist1_1000_0_0_25
FeatureCount: 1
Data:
   -
      VideoID: 106
      StartFrameNr: 50629
      FrameCount: 251
      Clazz: 1
      Features: !!opencv-matrix
         rows: 2
         cols: 13
         dt: f
         data: [ 2.95625553e-02, 6.53174520e-03, 9.24794562e-03,
             5.89967612e-03, 8.24293587e-03, 7.90220220e-03,
             6.14568125e-03, 3.25262593e-03, 0., 0., 4.51810472e-03,
             6.37281407e-03, 7.94124790e-03, 4.99348575e-03,
             6.62334589e-03, 4.09695972e-03, 4.61203838e-03,
             4.17515449e-03, 3.53076588e-03, 4.51255636e-03,
             9.30345431e-03, 0., 0., 4.29273443e-03, 4.00650920e-03,
             5.63615141e-03 ]
