%YAML:1.0
Dataset: data_test
Model: MoHist1_1000_0_0_25
FeatureCount: 1
Data:
   -
      VideoID: 112
      StartFrameNr: 53952
      FrameCount: 41
      Clazz: 1
      Features: !!opencv-matrix
         rows: 2
         cols: 13
         dt: f
         data: [ 1.91273689e-01, 6.78685904e-02, 4.69334386e-02,
             8.77344608e-02, 1.89576268e-01, 1.46667823e-01,
             4.57712412e-02, 2.01648716e-02, 0., 0., 7.48329461e-02,
             4.65137437e-02, 3.38824466e-02, 3.99503410e-02,
             6.54740632e-02, 3.55936997e-02, 2.28451490e-02,
             2.10121069e-02, 1.87808275e-02, 3.51653360e-02,
             4.58358787e-02, 0., 0., 2.16770098e-02, 2.97354795e-02,
             3.50141264e-02 ]
