%YAML:1.0
Dataset: data_test
Model: MoHist1_1000_0_0_25
FeatureCount: 1
Data:
   -
      VideoID: 119
      StartFrameNr: 23499
      FrameCount: 360
      Clazz: 23
      Features: !!opencv-matrix
         rows: 2
         cols: 13
         dt: f
         data: [ 3.26411054e-02, 3.59792984e-03, 2.67211767e-03,
             2.49897549e-03, 2.81010219e-03, 2.63552694e-03,
             5.06680505e-03, 2.85022124e-03, 0., 0., 5.67264715e-03,
             5.42183686e-03, 3.57717555e-03, 3.74241173e-03,
             5.11439471e-03, 5.11956774e-03, 5.60770649e-03,
             4.42340132e-03, 4.48137382e-03, 5.16967801e-03,
             4.71247267e-03, 0., 0., 2.77726911e-03, 3.41725000e-03,
             4.61848360e-03 ]
