%YAML:1.0
Dataset: data_test
Model: MoHist1_1000_0_0_25
FeatureCount: 1
Data:
   -
      VideoID: 119
      StartFrameNr: 22965
      FrameCount: 495
      Clazz: 23
      Features: !!opencv-matrix
         rows: 2
         cols: 13
         dt: f
         data: [ 1.45360539e-02, 3.90758365e-03, 2.30468251e-03,
             2.14211666e-03, 4.00916860e-03, 2.77900905e-03,
             2.84079462e-03, 3.31480219e-03, 0., 0., 3.74791818e-03,
             6.39495812e-03, 4.52796696e-03, 3.29176895e-03,
             3.75291193e-03, 4.53509390e-03, 3.31092090e-03,
             3.75948404e-03, 2.35121534e-03, 2.98195006e-03,
             2.24588928e-03, 0., 0., 2.64721923e-03, 1.40602572e-03,
             2.17617583e-03 ]
