%YAML:1.0
Dataset: data_test
Model: MoHist1_1000_0_0_25
FeatureCount: 1
Data:
   -
      VideoID: 138
      StartFrameNr: 0
      FrameCount: 700
      Clazz: 25
      Features: !!opencv-matrix
         rows: 2
         cols: 13
         dt: f
         data: [ 9.43915267e-03, 1.82035449e-03, 1.92596507e-03,
             3.17858835e-03, 2.85785878e-03, 2.79961457e-03,
             1.97618781e-03, 1.07397104e-03, 0., 0., 1.55197503e-03,
             4.04418679e-03, 3.61785875e-03, 2.57098908e-03,
             2.07981351e-03, 2.39858427e-03, 1.98805099e-03,
             2.08947342e-03, 2.63127545e-03, 3.03073577e-03,
             1.85756525e-03, 0., 0., 2.03661807e-03, 2.31439294e-03,
             2.29062955e-03 ]
