%YAML:1.0
Dataset: data_test
Model: MoHist1_1000_0_0_25
FeatureCount: 1
Data:
   -
      VideoID: 152
      StartFrameNr: 60701
      FrameCount: 686
      Clazz: 25
      Features: !!opencv-matrix
         rows: 2
         cols: 13
         dt: f
         data: [ 6.17819233e-03, 1.22965511e-03, 1.40849943e-03,
             3.43277073e-03, 4.38996824e-03, 5.87302633e-03,
             2.73015047e-03, 9.50339949e-04, 0., 0., 2.65477621e-03,
             5.28182136e-03, 2.31395056e-03, 1.40651339e-03,
             1.48189327e-04, 8.97854101e-04, 1.08229497e-03,
             8.82440130e-04, 9.82721569e-04, 8.88607814e-04,
             3.24117165e-04, 0., 0., 1.02749525e-03, 1.16136810e-03,
             9.12504678e-04 ]
