%YAML:1.0
Dataset: data_test
Model: "DFS2_SFS1_1000_random_100_5_2_0.01_0_5"
FeatureCount: 1
Data:
   -
      VideoID: 103
      StartFrameNr: 78878
      FrameCount: 521
      Clazz: 1
      Features: !!opencv-matrix
         rows: 99
         cols: 9
         dt: f
         data: [ 1.01921335e-01, 7.75807858e-01, 3.21224540e-01,
             5.73549032e-01, 5.06362438e-01, 4.62014638e-02,
             5.31074464e-01, 1.09890113e-02, 8.75000060e-01,
             3.21052931e-02, 4.97419149e-01, 1.60447776e-01,
             5.46502650e-01, 5.06701767e-01, 2.60431617e-02,
             4.88335907e-01, 1.14810572e-03, 5.98214328e-01,
             1.40573785e-01, 1.38854161e-01, 1.88500002e-01,
             5.69509864e-01, 5.10490179e-01, 3.61709073e-02,
             5.16309202e-01, 8.55768979e-01, 3.57142866e-01,
             1.41417608e-01, 5.18310428e-01, 3.46697181e-01,
             5.95682383e-01, 5.12286246e-01, 3.37300412e-02,
             5.53654313e-01, 9.88002867e-03, 9.73214328e-01,
             6.22343682e-02, 5.84645033e-01, 1.95185184e-01,
             5.73130071e-01, 5.08060992e-01, 8.70598946e-03,
             2.45091558e-01, 5.69800613e-03, 2.41071433e-01,
             5.19355297e-01, 3.11703444e-01, 2.10882306e-01,
             5.84659934e-01, 5.21337867e-01, 4.76289075e-03,
             1.61487430e-01, 7.71493018e-01, 3.03571433e-01,
             3.81253392e-01, 1.32956833e-01, 2.54337311e-01,
             5.93006968e-01, 5.11788309e-01, 2.35903189e-02,
             4.53193605e-01, 1.66821126e-02, 7.41071463e-01,
             2.52858520e-01, 3.02450985e-01, 3.44705880e-01,
             5.84544420e-01, 4.71972346e-01, 7.00304985e-01,
             9.46938336e-01, 8.00904930e-01, 1.51785716e-01,
             1.75358430e-01, 1.92123994e-01, 3.07560980e-01,
             5.76375067e-01, 5.05499661e-01, 3.63775939e-02,
             5.26206195e-01, 3.90243858e-01, 3.66071433e-01,
             2.49451086e-01, 6.61393285e-01, 6.60624981e-01,
             5.84191144e-01, 4.94240224e-01, 4.97685187e-02,
             5.75495422e-01, 0., 2.85714298e-01, 2.20994294e-01,
             4.01215225e-01, 3.54999989e-01, 5.90359747e-01,
             5.23039103e-01, 1.76723264e-02, 3.63881379e-01,
             3.79807562e-01, 4.28571463e-01, 8.08665097e-01,
             7.90124893e-01, 3.33000034e-01, 6.00000143e-01,
             5.11215627e-01, 3.53333331e-03, 1.20441377e-01,
             1.99999996e-02, 4.46428597e-01, 9.33328688e-01,
             1.10644534e-01, 6.26249909e-01, 5.59619784e-01,
             4.99816209e-01, 9.68885049e-03, 3.07936966e-01,
             1.20192310e-02, 5.71428597e-01, 3.32552701e-01,
             6.52403831e-01, 8.79230797e-01, 5.48416257e-01,
             4.68174964e-01, 2.66514748e-01, 8.42467725e-01,
             1.53846160e-01, 1.16071433e-01, 7.70254076e-01,
             8.55371177e-01, 5.63437581e-01, 5.90747595e-01,
             4.87622678e-01, 4.75115841e-03, 1.71476021e-01, 0.,
             5.71428597e-01, 8.50621462e-01, 5.72309077e-01,
             4.66250002e-01, 5.93082547e-01, 4.98910636e-01,
             8.48936848e-03, 2.81614512e-01, 8.54700897e-03,
             6.42857194e-01, 1.18468851e-01, 2.48275876e-01,
             3.68275851e-01, 5.65652490e-01, 5.03313065e-01,
             4.37462740e-02, 5.98642707e-01, 7.95756001e-03,
             2.58928597e-01, 9.18701768e-01, 8.97842109e-01,
             3.67142975e-01, 5.95972836e-01, 5.09523690e-01,
             4.38941233e-02, 3.12057972e-01, 3.84615362e-02, 1.,
             4.26982254e-01, 5.88789761e-01, 3.13809454e-01,
             6.08216405e-01, 5.16339779e-01, 1.63697805e-02,
             3.86481911e-01, 4.25824106e-01, 7.50000060e-01,
             8.33118677e-01, 3.39236110e-01, 2.58833319e-01,
             5.57712317e-01, 4.97973919e-01, 2.90630087e-02,
             4.07111466e-01, 1.79487187e-02, 5.35714328e-01,
             6.96604133e-01, 3.27430576e-01, 3.83666605e-01,
             6.06405199e-01, 5.15686333e-01, 8.02263319e-02,
             7.62487411e-01, 1.02564106e-02, 2.67857164e-01,
             8.62018228e-01, 6.11893952e-01, 3.36909145e-01,
             6.06916308e-01, 5.08591771e-01, 3.47183011e-02,
             4.14814442e-01, 1.53846154e-02, 4.91071463e-01,
             6.61514342e-01, 2.80324042e-01, 4.77777869e-01,
             6.05315924e-01, 5.02657890e-01, 4.54320945e-02,
             5.93174398e-01, 8.23931277e-01, 4.01785731e-01,
             6.68664396e-01, 4.68096465e-01, 2.26470590e-01,
             5.74471593e-01, 5.16647279e-01, 4.22415882e-03,
             1.57873720e-01, 1.05580697e-02, 4.55357164e-01,
             6.44453987e-02, 2.78750002e-01, 1.84727266e-01,
             5.54723620e-01, 5.12441993e-01, 1.52480360e-02,
             3.87076974e-01, 2.79720291e-03, 4.91071463e-01,
             6.00702584e-01, 9.47446048e-01, 2.98709720e-01,
             5.83807766e-01, 5.15243471e-01, 1.38443351e-01,
             4.91898805e-01, 1.73697285e-02, 2.76785731e-01,
             6.51810646e-01, 8.89405608e-01, 3.22073191e-01,
             5.91869712e-01, 5.11525393e-01, 8.05931911e-03,
             2.16277406e-01, 6.47279546e-02, 7.32142866e-01,
             8.98728251e-01, 6.80324078e-01, 5.02916753e-01,
             5.94008625e-01, 4.89488125e-01, 1.46279149e-02,
             4.34455901e-01, 1.17521370e-02, 6.42857194e-01,
             3.58278334e-01, 8.41477215e-01, 4.90303040e-01,
             5.98098695e-01, 5.42245984e-01, 1.58608302e-01,
             8.55392754e-01, 0., 2.94642866e-01, 4.05581594e-01,
             7.32569337e-01, 5.30833423e-01, 6.02287531e-01,
             5.16143680e-01, 1.20678991e-02, 3.26915324e-01,
             1.41025642e-02, 5.35714328e-01, 3.96600693e-01,
             7.78346062e-01, 6.82424128e-01, 5.91443896e-01,
             5.29055297e-01, 9.53946933e-02, 7.36427128e-01, 0.,
             2.94642866e-01, 2.19459683e-01, 5.58139563e-01,
             3.57674479e-01, 5.85864305e-01, 5.17190993e-01,
             5.63652031e-02, 6.03781402e-01, 8.85509670e-01,
             3.83928597e-01, 6.91573024e-01, 6.14116311e-01,
             2.57586271e-01, 5.99391520e-01, 5.11358857e-01,
             1.14218807e-02, 3.59661162e-01, 0., 5.17857194e-01,
             8.40046883e-01, 7.13854194e-01, 2.60000020e-01,
             6.08431458e-01, 5.14313817e-01, 2.08950620e-02,
             4.94845003e-01, 3.84615408e-03, 1.78571433e-01,
             4.81342733e-01, 4.16597217e-01, 4.56999928e-01,
             5.90065300e-01, 5.22091568e-01, 3.40082385e-02,
             5.38995028e-01, 7.69230770e-03, 2.67857164e-01,
             8.48492861e-01, 5.29233813e-01, 6.60000026e-01,
             5.75838149e-01, 4.80328947e-01, 4.06411812e-02,
             6.01098120e-01, 0., 2.76785731e-01, 4.09585208e-01,
             8.42232108e-01, 3.27142805e-01, 6.00000143e-01,
             5.16806602e-01, 3.06155179e-02, 4.87045556e-01,
             3.29670357e-03, 6.25000000e-01, 7.03050792e-01,
             1.68074369e-01, 7.87297189e-01, 5.56968689e-01,
             4.87864465e-01, 3.78725417e-02, 5.00622451e-01,
             8.10810566e-01, 3.30357164e-01, 6.19262278e-01,
             9.21354175e-01, 5.46499968e-01, 5.74313700e-01,
             4.99019623e-01, 3.87863457e-01, 8.54757190e-01,
             1.76923081e-01, 1.78571433e-01, 4.65596095e-02,
             8.41765776e-02, 1.57857150e-01, 5.55182159e-01,
             5.09150267e-01, 1.42805707e-02, 3.72760236e-01,
             7.32600782e-03, 3.75000030e-01, 2.46772319e-01,
             1.33173063e-01, 2.15641052e-01, 5.85218787e-01,
             5.10909975e-01, 1.50427390e-02, 3.69620383e-01,
             5.91715984e-03, 3.48214298e-01, 8.33786845e-01,
             2.29110390e-01, 7.69459307e-01, 5.50503492e-01,
             5.04186451e-01, 7.96171091e-03, 2.25518718e-01,
             6.23700675e-03, 3.30357164e-01, 9.95594859e-01,
             7.32936561e-01, 0., 4.98039186e-01, 4.98039186e-01,
             2.17509568e-01, 1.47786841e-01, 0., 1.87500015e-01,
