%YAML:1.0
Dataset: data_test
Model: "DFS2_SFS1_1000_random_100_5_2_0.01_0_5"
FeatureCount: 1
Data:
   -
      VideoID: 106
      StartFrameNr: 50629
      FrameCount: 251
      Clazz: 1
      Features: !!opencv-matrix
         rows: 100
         cols: 9
         dt: f
         data: [ 1.36337757e-01, 8.81249905e-01, 2.04594567e-01,
             5.70005298e-01, 5.46687782e-01, 1.77134853e-02,
             1.99662611e-01, 0., 1.94736853e-01, 1.48607865e-01,
             5.70370376e-01, 5.45111060e-01, 5.94510078e-01,
             6.16209149e-01, 2.30668169e-02, 4.25771326e-01,
             4.49572504e-01, 2.36842111e-01, 7.14783967e-02,
             1.13829777e-01, 3.11489403e-01, 5.79558015e-01,
             5.31581044e-01, 2.26539914e-02, 3.85420084e-01,
             8.18330608e-03, 2.47368425e-01, 1.20755278e-01,
             4.60894227e-01, 3.07083309e-01, 5.79330146e-01,
             5.74509919e-01, 6.53784052e-02, 6.75628901e-01,
             2.08333340e-02, 2.52631605e-01, 1.68642163e-01,
             5.21301031e-01, 4.52857077e-01, 5.73749721e-01,
             5.57742953e-01, 3.48450476e-03, 1.40681535e-01,
             2.66875997e-02, 2.57894754e-01, 6.21051908e-01,
             3.59740973e-01, 4.56216246e-01, 5.71595192e-01,
             5.18388867e-01, 1.06686689e-01, 7.68320978e-01,
             6.23700675e-03, 1.94736853e-01, 5.09736359e-01,
             9.50231552e-02, 4.61851835e-01, 6.09150410e-01,
             5.37763119e-01, 4.35002334e-03, 1.67427510e-01,
             9.97151062e-03, 2.84210533e-01, 3.28206271e-01,
             1.79449186e-01, 3.67288113e-01, 5.72748542e-01,
             5.20837367e-01, 4.86257859e-02, 5.94022036e-01,
             2.60756211e-03, 3.10526341e-01, 2.84016401e-01,
             1.48090303e-01, 3.70833337e-01, 5.87124228e-01,
             5.37254751e-01, 1.46771092e-02, 3.51135939e-01,
             8.89743388e-01, 3.15789491e-01, 3.15099835e-01,
             5.54464281e-01, 3.32381010e-01, 5.79458475e-01,
             5.55555642e-01, 4.03997675e-02, 5.84263682e-01, 0.,
             1.10526323e-01, 1.58295333e-01, 4.03070152e-01,
             2.87368476e-01, 5.76057911e-01, 5.46336412e-01,
             2.09551677e-03, 8.29350576e-02, 8.09716620e-03,
             2.00000003e-01, 7.33177245e-01, 7.67731547e-01,
             4.03111100e-01, 5.72723508e-01, 5.38213491e-01,
             1.37201641e-02, 3.55842590e-01, 5.12820557e-02,
             2.36842111e-01, 7.68637717e-01, 2.47309029e-01,
             1.48333326e-01, 5.11764586e-01, 5.04738510e-01,
             1.23456807e-03, 4.42634821e-02, 1.60256419e-02,
             1.26315802e-01, 3.28214347e-01, 6.04234993e-01,
             5.22786975e-01, 5.83735228e-01, 5.60012877e-01,
             1.28981993e-02, 3.80752921e-01, 2.14375798e-02,
             3.21052641e-01, 6.94379449e-01, 7.98656881e-01,
             2.31842086e-01, 5.68059742e-01, 5.22961676e-01,
             9.04483534e-03, 2.87983656e-01, 6.68016225e-02,
             4.00000006e-01, 7.45648384e-01, 5.45776963e-01,
             4.58648622e-01, 5.71383178e-01, 5.42448342e-01,
             5.10176877e-03, 1.77668422e-01, 5.19750528e-02,
             1.94736853e-01, 1.72179937e-01, 4.16579843e-01,
             3.32916647e-01, 5.79901934e-01, 5.64052284e-01,
             9.49674770e-02, 6.87522829e-01, 7.14743614e-01,
             1.26315802e-01, 9.24553454e-01, 8.97017539e-01,
             1.09947354e-01, 5.42373121e-01, 5.20474434e-01,
             1.14784753e-02, 1.81967691e-01, 2.75303666e-02, 1.,
             4.13305551e-01, 4.84645039e-01, 8.81481320e-02,
             5.59186697e-01, 5.27668715e-01, 4.64106025e-03,
             1.41421020e-01, 2.27920245e-02, 1.42105266e-01,
             7.47979522e-01, 6.33333385e-01, 3.99154812e-01,
             5.70781469e-01, 5.27865112e-01, 1.98661089e-02,
             3.63683045e-01, 5.76381326e-01, 3.73684227e-01,
             7.03183234e-01, 3.55864167e-01, 3.70000035e-01,
             5.69644213e-01, 5.18373191e-01, 1.82075892e-02,
             4.64128375e-01, 2.84900307e-03, 1.42105266e-01,
             8.47877085e-01, 7.17640519e-01, 3.17173868e-01,
             5.64620256e-01, 5.32778978e-01, 5.04562538e-03,
             1.88661769e-01, 1.92307681e-02, 4.84210551e-01,
             6.41764224e-01, 3.73055577e-01, 5.89777708e-01,
             5.65490305e-01, 5.11111021e-01, 4.05432135e-02,
             5.75760067e-01, 1.36752138e-02, 2.36842111e-01,
             6.51162863e-01, 4.50435996e-01, 5.76976717e-01,
             5.63885331e-01, 5.28043747e-01, 1.16049368e-02,
             3.26510280e-01, 1.43112708e-02, 2.26315796e-01,
             7.41837770e-02, 3.20629090e-01, 4.46862757e-01,
             5.84621549e-01, 5.84390759e-01, 2.49316171e-02,
             4.21672583e-01, 1.80995483e-02, 2.68421054e-01,
             6.74394011e-01, 9.08051789e-01, 3.22027087e-01,
             5.71859896e-01, 5.46157777e-01, 6.42976305e-03,
             1.86815009e-01, 9.04366150e-02, 3.89473706e-01,
             6.79667354e-01, 8.26121807e-01, 3.38205129e-01,
             5.78079581e-01, 5.36249280e-01, 5.70722669e-02,
             6.08181119e-01, 2.95857992e-02, 2.05263168e-01,
             9.31537986e-01, 7.06416786e-01, 1.77866623e-01,
             5.64339876e-01, 5.32130420e-01, 2.08082329e-02,
             2.81074792e-01, 4.51282151e-02, 3.94736856e-01,
             2.81975240e-01, 8.08025777e-01, 6.33863568e-01,
             5.95766127e-01, 6.17112100e-01, 1.47685204e-02,
             3.73554349e-01, 1.74825185e-03, 4.63157922e-01,
             4.28876847e-01, 8.84057879e-01, 5.32608747e-01,
             5.74140251e-01, 5.85450232e-01, 1.03399549e-02,
             3.08027416e-01, 2.22965446e-03, 3.63157898e-01,
             4.12763476e-01, 8.04861069e-01, 3.47499967e-01,
             5.85947692e-01, 5.52614391e-01, 3.43106985e-02,
             5.69518209e-01, 0., 6.31579012e-02, 3.86296809e-01,
             4.13675249e-01, 1.24615364e-01, 5.55455148e-01,
             5.24383962e-01, 3.40170935e-02, 5.33381462e-01,
             1.12426050e-01, 2.05263168e-01, 7.07494140e-01,
             6.38154685e-01, 5.09428501e-01, 5.82409084e-01,
             5.68739593e-01, 1.66137554e-02, 3.65174532e-01,
             7.03296810e-02, 1.84210539e-01, 8.41901839e-01,
             6.65476322e-01, 3.05396944e-01, 5.64270139e-01,
             5.23498118e-01, 1.15481094e-02, 3.41494501e-01,
             1.34310136e-02, 3.31578970e-01, 4.76378113e-01,
             3.43429446e-01, 4.11730736e-01, 5.81448019e-01,
             5.23529410e-01, 1.24477688e-02, 3.60988766e-01,
             3.55029628e-02, 2.73684233e-01, 8.81732821e-01,
             3.94056410e-01, 3.99117649e-01, 5.64532697e-01,
             5.21510780e-01, 8.67646839e-03, 2.90173233e-01, 0.,
             3.57894748e-01, 5.10887861e-01, 9.34648991e-01,
             4.00175333e-01, 5.81905901e-01, 5.62504232e-01,
             7.55514950e-02, 5.07328689e-01, 9.44669452e-03,
             3.00000012e-01, 9.42915678e-01, 2.61328101e-01,
             7.31250048e-02, 5.19607842e-01, 5.02941191e-01,
             2.84117460e-01, 4.09689158e-01, 0., 8.42105299e-02,
             3.88538122e-01, 8.71497631e-01, 3.37826133e-01,
             5.92554569e-01, 5.46063900e-01, 4.46054712e-03,
             1.75131500e-01, 0., 3.63157898e-01, 9.88377035e-02,
             1.71604931e-01, 2.29259238e-01, 5.79084992e-01,
             5.37109673e-01, 7.55555630e-02, 5.99397898e-01,
             2.84900307e-03, 1.42105266e-01, 1.84475005e-01,
             2.89496511e-01, 3.12083364e-01, 5.97630918e-01,
             5.42565286e-01, 7.56687345e-03, 2.53927320e-01,
             1.60256412e-03, 2.52631605e-01, 8.84145141e-01,
             2.94291675e-01, 1.20599993e-01, 5.14744997e-01,
             5.07607758e-01, 1.04166679e-02, 2.49395445e-01,
             1.53846154e-02, 2.63157904e-01, 7.72014022e-01,
             5.05520821e-01, 3.96499962e-01, 5.72745025e-01,
             5.25294185e-01, 3.72654311e-02, 5.79995811e-01,
