%YAML:1.0
Dataset: data_test
Model: "DFS2_SFS1_1000_random_100_5_2_0.01_0_5"
FeatureCount: 1
Data:
   -
      VideoID: 112
      StartFrameNr: 53952
      FrameCount: 41
      Clazz: 1
      Features: !!opencv-matrix
         rows: 100
         cols: 9
         dt: f
         data: [ 8.55532736e-02, 6.98177099e-01, 4.29375023e-01,
             5.48039258e-01, 5.37500083e-01, 4.61419765e-03,
             1.95456117e-01, 0., 1.04575165e-01, 9.81411114e-02,
             5.19010425e-01, 4.07187462e-01, 5.55392206e-01,
             5.41911721e-01, 5.01929084e-03, 2.15261593e-01,
             2.40384624e-03, 2.09150329e-01, 8.29918161e-02,
             1.97916701e-01, 4.18500006e-01, 5.87745309e-01,
             5.33529282e-01, 1.69135816e-03, 5.28990626e-02,
             1.15384627e-02, 2.61437923e-01, 1.05793007e-01,
             5.74305475e-01, 2.14305595e-01, 5.71786284e-01,
             5.43953955e-01, 4.30384092e-03, 1.95356369e-01,
             1.28205130e-02, 4.70588237e-01, 3.55737694e-02,
             4.34874982e-01, 2.92600036e-01, 5.59764802e-01,
             5.33176303e-01, 1.18194446e-02, 2.46108189e-01,
             3.07692308e-03, 3.26797396e-01, 7.03801513e-01,
             3.98595065e-01, 4.36627865e-01, 6.43912733e-01,
             5.65663218e-01, 6.01636386e-03, 2.13505372e-01,
             4.47227200e-03, 5.62091529e-01, 4.32042450e-01,
             1.11383922e-01, 3.44999999e-01, 6.10784352e-01,
             5.48879623e-01, 6.81382138e-03, 2.42702276e-01,
             4.69780177e-01, 1.83006540e-01, 2.88934410e-01,
             2.75833338e-01, 2.78750002e-01, 6.00784421e-01,
             5.40980279e-01, 6.92592561e-03, 2.88881838e-01,
             2.71153837e-01, 2.61437923e-01, 2.68069148e-01,
             1.77370682e-01, 3.51379305e-01, 6.07707977e-01,
             5.44286728e-01, 2.92464881e-03, 1.02286160e-01,
             2.49336839e-01, 1.89542487e-01, 3.23439568e-01,
             6.30434811e-01, 4.07391310e-01, 5.50554216e-01,
             5.29582322e-01, 9.87654319e-04, 3.84237766e-02, 0.,
             1.50326803e-01, 1.77367941e-01, 4.33969855e-01,
             2.46111095e-01, 5.68627596e-01, 5.35511971e-01,
             1.93072692e-03, 7.61869252e-02, 2.90598303e-01,
             2.35294119e-01, 8.21306169e-01, 7.43120134e-01,
             2.90000021e-01, 5.70816457e-01, 5.34518778e-01,
             2.60353871e-02, 4.69763696e-01, 2.70125210e-01,
             2.81045765e-01, 9.22007024e-01, 2.46780246e-01,
             3.72727305e-01, 6.21271491e-01, 5.49851477e-01,
             5.45772463e-02, 1.92773700e-01, 3.65967393e-01,
             2.15686277e-01, 2.77517587e-01, 6.27083302e-01,
             1.94210529e-01, 5.75438678e-01, 5.43240428e-01,
             3.37231974e-03, 1.45470083e-01, 3.56275320e-01,
             1.24183007e-01, 7.35202432e-01, 6.99999928e-01,
             3.50392163e-01, 5.85313618e-01, 5.52941084e-01,
             7.00048432e-02, 6.44852042e-01, 1.05580697e-02,
             3.33333343e-01, 7.77055085e-01, 7.03343689e-01,
             2.11357966e-01, 5.71144700e-01, 5.32606900e-01,
             1.82533152e-02, 4.01578307e-01, 9.49667674e-03,
             5.29411793e-01, 5.94538525e-02, 1.41745314e-01,
             4.26792502e-01, 5.85941792e-01, 5.28671682e-01,
             5.54390764e-03, 2.20735878e-01, 1.30624101e-02,
             3.46405238e-01, 8.25326145e-01, 8.72619033e-01,
             3.87428552e-01, 5.88123381e-01, 5.42408943e-01,
             6.26102323e-03, 2.71092415e-01, 2.96703368e-01,
             2.28758171e-01, 2.80462176e-01, 5.76501369e-01,
             1.73823491e-01, 5.85236371e-01, 5.44924736e-01,
             1.63834412e-02, 3.36475849e-01, 1.47058824e-02,
             4.44444448e-01, 8.63388002e-01, 5.45524716e-01,
             4.37592566e-01, 6.08133614e-01, 5.52214742e-01,
             9.61133931e-03, 3.30411851e-01, 2.84900307e-03,
             3.52941185e-01, 5.24590135e-01, 5.98567724e-01,
             5.56249976e-01, 5.60784340e-01, 5.41666627e-01,
             1.63348764e-02, 3.90733242e-01, 3.36538523e-01,
             1.04575165e-01, 8.34016383e-01, 6.69270873e-01,
             2.18750000e-01, 5.69853008e-01, 5.30637264e-01,
             3.13503109e-02, 2.74734229e-01, 8.36538494e-01,
             1.04575165e-01, 7.46540427e-01, 3.33806813e-01,
             5.08181810e-01, 6.54545486e-01, 5.65953672e-01,
             8.80471524e-03, 3.00509572e-01, 4.44055855e-01,
             1.43790856e-01, 6.43693507e-01, 7.36718774e-01,
             4.53035682e-01, 5.86764872e-01, 5.76330721e-01,
             1.40917106e-02, 3.82350117e-01, 3.15934122e-01,
             3.66013080e-01, 7.49414489e-02, 2.74807125e-01,
             3.63148242e-01, 5.82353234e-01, 5.36528468e-01,
             4.37814370e-03, 1.81015596e-01, 0., 3.52941185e-01,
             6.39408350e-01, 9.27653909e-01, 6.21917963e-01,
             5.91297150e-01, 5.46601892e-01, 4.71334346e-03,
             1.93806246e-01, 2.84510087e-02, 4.77124184e-01,
             7.15066373e-01, 8.25868070e-01, 3.36666673e-01,
             5.77777803e-01, 5.42156875e-01, 3.05658430e-02,
             5.19537270e-01, 4.61538464e-01, 7.84313753e-02,
             8.68244708e-01, 7.07252085e-01, 2.10000008e-01,
             5.53735137e-01, 5.22313058e-01, 1.31661212e-02,
             2.15727359e-01, 2.39532739e-01, 5.16339898e-01,
             2.85884231e-01, 8.65490437e-01, 5.74999988e-01,
             6.64200127e-01, 6.45098150e-01, 3.88510451e-02,
             6.23686612e-01, 8.68486241e-02, 4.05228764e-01,
             4.53109533e-01, 7.40138948e-01, 4.52666640e-01,
             6.08017623e-01, 5.84923744e-01, 8.63374546e-02,
             7.45302558e-01, 1.62393197e-01, 2.94117659e-01,
             4.01740342e-01, 7.02226877e-01, 2.77413726e-01,
             5.94726324e-01, 5.50507069e-01, 3.03384345e-02,
             5.11227012e-01, 1.72413792e-02, 3.79084975e-01,
             2.81271487e-01, 4.37377512e-01, 2.37352908e-01,
             5.82237542e-01, 5.32525718e-01, 6.15105219e-03,
             2.45224163e-01, 3.16742100e-02, 4.44444448e-01,
             8.15213442e-01, 6.46073699e-01, 1.66923076e-01,
             5.55354476e-01, 5.25339305e-01, 6.31054165e-03,
             2.42783174e-01, 4.64496970e-01, 1.69934645e-01,
             9.08714294e-01, 7.53781617e-01, 2.10504174e-01,
             5.66583991e-01, 5.27401268e-01, 3.72274071e-02,
             1.25130743e-01, 3.87847470e-03, 7.77777791e-01,
             4.60791737e-01, 2.72513479e-01, 3.09516102e-01,
             5.97280204e-01, 5.37760675e-01, 1.53564354e-02,
             3.95364463e-01, 8.58560383e-01, 4.05228764e-01,
             8.19131732e-01, 3.01335454e-01, 4.38974291e-01,
             6.41327143e-01, 5.60583234e-01, 1.72839523e-03,
             6.95437863e-02, 2.52465457e-01, 2.54901975e-01,
             4.19415176e-01, 9.01070595e-01, 7.92638898e-01,
             5.76143682e-01, 6.38399005e-01, 4.16152319e-03,
             1.38060093e-01, 1.48504242e-01, 4.70588237e-01,
             9.02699351e-01, 3.50731969e-01, 3.81891906e-01,
             6.26444399e-01, 5.53576946e-01, 8.83883983e-03,
             1.64789066e-01, 3.11850337e-03, 4.83660132e-01,
             5.16735673e-01, 8.50224376e-01, 5.35230696e-01,
             6.02714896e-01, 6.04947329e-01, 2.89040823e-02,
             5.16991973e-01, 1.18343194e-03, 4.24836606e-01,
             6.71472475e-02, 6.79036453e-02, 4.17500019e-01,
             5.84191203e-01, 5.33578515e-01, 9.55343305e-04,
             3.07220686e-02, 9.61538497e-03, 2.09150329e-01,
             2.37948850e-01, 2.43489608e-01, 3.44166666e-01,
             6.03104651e-01, 5.47712445e-01, 3.76028847e-03,
             1.55676603e-01, 8.87820423e-01, 1.56862751e-01,
             9.47133362e-01, 1.01311721e-01, 3.69259238e-01,
             6.14814878e-01, 5.47058523e-01, 3.37704048e-02,
             8.86980817e-02, 0., 3.52941185e-01, 9.44284141e-01,
             4.66569811e-01, 2.32558146e-01, 5.95896065e-01,
