%YAML:1.0
Dataset: data_test
Model: "DFS2_SFS1_1000_random_100_5_2_0.01_0_5"
FeatureCount: 1
Data:
   -
      VideoID: 119
      StartFrameNr: 23499
      FrameCount: 360
      Clazz: 23
      Features: !!opencv-matrix
         rows: 100
         cols: 9
         dt: f
         data: [ 1.00803539e-01, 4.85165238e-01, 3.53793144e-01,
             5.51385939e-01, 5.57809353e-01, 1.72456354e-02,
             3.82133573e-01, 8.62068594e-01, 4.87394989e-01,
             1.26096666e-01, 5.35789788e-01, 5.67313552e-01,
             5.13374150e-01, 5.24377823e-01, 2.50783167e-03,
             9.39901322e-02, 5.74052846e-03, 5.63025236e-01,
             1.08686395e-01, 2.68276513e-01, 3.47272754e-01,
             5.65240622e-01, 5.71836114e-01, 2.48597097e-03,
             7.05536827e-02, 0., 1.84873953e-01, 5.89383394e-02,
             4.69494134e-01, 4.24762011e-01, 5.32679677e-01,
             5.45845032e-01, 1.14138741e-02, 3.00731152e-01,
             1.83150196e-03, 3.52941185e-01, 4.68384139e-02,
             4.06250000e-01, 3.26216221e-01, 5.38314819e-01,
             5.55484831e-01, 4.24845666e-02, 5.21662831e-01, 0.,
             3.10924381e-01, 3.72532576e-01, 4.89826798e-01,
             5.47013044e-01, 5.19582212e-01, 5.01349688e-01,
             1.56114578e+00, 1.02084684e+00, 1.26873121e-01,
             6.47058845e-01, 3.74121815e-01, 2.70833373e-01,
             3.49615365e-01, 5.55656195e-01, 5.33936620e-01,
             3.95631529e-02, 5.24469256e-01, 4.08284009e-01,
             2.18487412e-01, 2.96138704e-01, 2.46087372e-01,
             5.80487847e-01, 5.26829183e-01, 5.16020954e-01,
             5.47230124e-01, 9.82193291e-01, 5.62851783e-03,
             3.44537824e-01, 2.20784515e-01, 1.55729190e-01,
             2.68249959e-01, 5.74706018e-01, 5.62255025e-01,
             2.75895055e-02, 4.64142323e-01, 1.92307704e-03,
             3.36134464e-01, 1.53558418e-01, 7.09085703e-01,
             9.03333247e-01, 5.08932412e-01, 5.07080615e-01,
             1.35631010e-01, 6.68741286e-01, 7.47863278e-02,
             3.02521020e-01, 1.91277921e-01, 4.39527005e-01,
             8.52432370e-01, 5.12983501e-01, 5.15739202e-01,
             1.11985311e-01, 7.13808715e-01, 1.24740135e-02,
             3.10924381e-01, 8.10796201e-01, 7.32624948e-01,
             2.26799920e-01, 5.59607923e-01, 5.53176284e-01,
             6.39753044e-03, 2.10149288e-01, 8.61538500e-02,
             4.20168102e-01, 9.36414242e-01, 1.96899191e-01,
             1.24883741e-01, 5.33789277e-01, 5.21112561e-01,
             3.04504018e-02, 2.12316841e-01, 0., 3.61344546e-01,
             2.35383913e-01, 6.99739575e-01, 7.78571308e-01,
             5.11694610e-01, 5.13025105e-01, 3.88996899e-01,
             9.28368449e-01, 2.60989033e-02, 4.70588267e-01,
             6.38612449e-01, 7.63368130e-01, 2.58888870e-01,
             5.62145948e-01, 5.39160907e-01, 1.64060351e-02,
             3.98658872e-01, 6.41025696e-03, 6.05042040e-01,
             7.34529197e-01, 5.27430534e-01, 2.62575746e-01,
             5.56624949e-01, 5.37789524e-01, 2.41638627e-02,
             4.67458248e-01, 2.68065277e-02, 5.54621875e-01,
             1.61262229e-01, 1.45619646e-01, 4.88461524e-01,
             5.64203203e-01, 5.64504743e-01, 7.91073143e-02,
             6.49549603e-01, 1.97238661e-03, 3.27731103e-01,
             9.17903721e-01, 9.09327149e-01, 1.08165130e-01,
             5.37938118e-01, 5.30059099e-01, 1.46805989e-02,
             2.45546609e-01, 1.41143263e-03, 9.15966451e-01,
             2.93234378e-01, 5.31435251e-01, 8.69555414e-01,
             5.08670926e-01, 5.11285305e-01, 1.37832640e-02,
             3.27566534e-01, 1.70940172e-03, 3.78151268e-01,
             7.52749979e-01, 6.35037839e-01, 2.03030303e-01,
             5.44860303e-01, 5.29887140e-01, 1.09764308e-01,
             6.88514471e-01, 4.33566421e-01, 2.77310938e-01,
             7.24743485e-01, 3.39727044e-01, 3.60689670e-01,
             5.53617358e-01, 5.20081103e-01, 3.53763282e-01,
             8.21982086e-01, 3.44827585e-02, 2.43697494e-01,
             8.40349734e-01, 7.78709352e-01, 1.59756079e-01,
             5.40793777e-01, 5.41750252e-01, 1.17848525e-02,
             1.67751700e-01, 3.67729783e-01, 3.44537824e-01,
             7.68630981e-01, 3.26525271e-01, 2.75714278e-01,
             5.66456795e-01, 5.55392146e-01, 1.09766321e-02,
             2.92039305e-01, 3.88736218e-01, 4.70588267e-01,
             5.53378165e-01, 6.25196397e-01, 3.46415132e-01,
             5.28893709e-01, 5.08249998e-01, 9.25748706e-01,
             9.80205178e-01, 9.57910195e-02, 4.45378184e-01,
             1.48602173e-01, 4.24218714e-01, 3.99843723e-01,
             5.23651838e-01, 5.26715577e-01, 1.97522193e-01,
             8.26982260e-01, 2.16346178e-02, 5.37815154e-01,
             6.85597181e-01, 8.87268543e-01, 2.63055533e-01,
             5.63507617e-01, 5.67429185e-01, 2.59602163e-03,
             8.93161669e-02, 0., 3.02521020e-01, 8.01867604e-01,
             7.94871747e-01, 2.39230737e-01, 5.54851770e-01,
             5.40673614e-01, 3.09306774e-02, 4.55912471e-01,
             3.15581858e-02, 3.27731103e-01, 9.41284776e-01,
             8.26277971e-01, 9.21848789e-02, 5.34717083e-01,
             5.31059206e-01, 2.58844229e-03, 2.93520521e-02,
             1.93923735e-03, 1., 2.74933398e-01, 7.55100608e-01,
             2.80689627e-01, 5.29276609e-01, 5.16024292e-01,
             4.60675120e-01, 8.69554639e-01, 5.30504016e-03,
             2.43697494e-01, 4.66075569e-01, 7.38750041e-01,
             2.11142823e-01, 5.53613365e-01, 5.24817824e-01,
             2.58518532e-02, 4.46379453e-01, 0., 2.94117659e-01,
             5.07515490e-01, 5.83219707e-01, 3.61636400e-01,
             5.59857428e-01, 5.32620251e-01, 4.88641970e-02,
             5.16390502e-01, 3.56643230e-01, 4.62184906e-01,
             3.84576797e-01, 5.39404809e-01, 6.69142783e-01,
             5.12156725e-01, 5.17759025e-01, 2.09171069e-03,
             7.65608549e-02, 0., 2.94117659e-01, 6.11028373e-01,
             4.46931809e-01, 2.86000073e-01, 5.60356498e-01,
             5.41176379e-01, 2.65297480e-02, 4.59023327e-01,
             8.72726977e-01, 4.62184906e-01, 8.76547337e-01,
             4.92063522e-01, 2.00952411e-01, 5.54995418e-01,
             5.51260531e-01, 5.92004741e-03, 1.29777417e-01,
             8.35164726e-01, 1.76470593e-01, 6.14520013e-01,
             6.16666675e-02, 7.11428583e-01, 6.07955217e-01,
             6.24985874e-01, 1.99719556e-02, 3.72078449e-01, 0.,
             2.94117659e-01, 8.27093124e-01, 2.63619721e-01,
             2.66999930e-01, 5.52744806e-01, 5.33774257e-01,
             2.68641952e-02, 4.56311792e-01, 1.92307699e-02,
             6.72268927e-01, 4.77039963e-01, 9.02818739e-01,
             2.66666681e-01, 5.65859556e-01, 5.48327506e-01,
             1.02759628e-02, 2.57552147e-01, 0., 4.28571463e-01,
             9.08452332e-01, 3.41540426e-01, 1.57575741e-01,
             5.43553114e-01, 5.30362368e-01, 8.91881716e-03,
             1.46713346e-01, 2.82051295e-01, 2.77310938e-01,
             6.14426374e-01, 9.08374965e-01, 1.74000040e-01,
             5.42274415e-01, 5.29097915e-01, 1.38716370e-01,
             6.54458523e-01, 1.84615385e-02, 4.20168102e-01,
             4.48408835e-02, 1.05759799e-01, 2.95490235e-01,
             5.84775269e-01, 5.87697208e-01, 4.77124099e-03,
             1.52982771e-01, 6.03318261e-03, 4.28571463e-01,
             2.10036799e-01, 3.36369038e-01, 6.59142852e-01,
             5.11148334e-01, 5.25153875e-01, 7.72839552e-03,
             2.65357524e-01, 0., 2.94117659e-01, 8.87499332e-01,
             3.51650923e-01, 2.03207478e-01, 5.54420829e-01,
             5.39992452e-01, 6.19613240e-03, 2.26855382e-01,
             1.01596517e-02, 4.45378184e-01, 9.15818572e-01,
             6.39459670e-01, 1.49702981e-01, 5.49756944e-01,
             5.41719735e-01, 8.08336399e-03, 2.17886865e-01,
             7.61614647e-03, 8.48739564e-01, 3.43640208e-01,
