%YAML:1.0
Dataset: data_test
Model: "DFS2_SFS1_1000_random_100_5_2_0.01_0_5"
FeatureCount: 1
Data:
   -
      VideoID: 119
      StartFrameNr: 22965
      FrameCount: 495
      Clazz: 23
      Features: !!opencv-matrix
         rows: 99
         cols: 9
         dt: f
         data: [ 9.32944566e-02, 6.50425255e-01, 1.91632658e-01,
             5.30292034e-01, 5.22288799e-01, 2.80955564e-02,
             4.66754705e-01, 4.70957626e-03, 4.29824561e-01,
             4.11698967e-02, 4.88352388e-01, 1.62272736e-01,
             5.36630869e-01, 5.22281468e-01, 9.15404037e-03,
             1.87956527e-01, 1.74825185e-03, 3.85964930e-01,
             1.85011700e-01, 7.65624940e-02, 4.70499992e-01,
             5.84313750e-01, 5.94313741e-01, 1.49598774e-02,
             3.84087861e-01, 7.69230817e-03, 1.75438598e-01,
             2.27400482e-01, 4.43263888e-01, 2.02999994e-01,
             5.45032561e-01, 5.30914843e-01, 1.15246885e-02,
             2.91414410e-01, 8.76922727e-01, 5.26315808e-01,
             1.28139064e-01, 4.52083349e-01, 1.99999958e-01,
             5.38159668e-01, 5.21387398e-01, 2.24990509e-02,
             4.27085549e-01, 9.46745556e-03, 5.70175469e-01,
             7.47905314e-01, 4.19675916e-01, 6.50888979e-01,
             5.06753743e-01, 5.21394193e-01, 6.55692711e-04,
             2.56325211e-02, 0., 3.94736856e-01, 4.55042303e-01,
             8.09764192e-02, 2.57878751e-01, 5.50405622e-01,
             5.34045994e-01, 2.07882021e-02, 4.25849915e-01,
             6.21600635e-03, 8.68421078e-01, 2.17325211e-01,
             3.60460937e-01, 6.61063731e-01, 5.05047917e-01,
             5.23070335e-01, 1.97927490e-01, 8.15054357e-01,
             2.78232396e-02, 4.12280709e-01, 1.10187367e-01,
             2.90555537e-01, 7.36666739e-01, 4.95686322e-01,
             5.18039167e-01, 2.54773702e-02, 4.47561949e-01,
             4.87179495e-02, 2.63157904e-01, 3.05620581e-01,
             5.40226758e-01, 1.95000023e-01, 5.48731148e-01,
             5.27450740e-01, 3.73910703e-02, 5.49841404e-01,
             6.78733084e-03, 5.96491218e-01, 3.59484792e-01,
             2.15550601e-01, 2.92738110e-01, 5.48132420e-01,
             5.32632828e-01, 2.79736854e-02, 4.10210431e-01,
             6.01648629e-01, 7.36842096e-01, 8.12311769e-01,
             9.07886982e-01, 4.85714257e-01, 4.98599470e-01,
             5.11624515e-01, 4.80037443e-02, 3.76402706e-01,
             9.34066176e-02, 2.45614037e-01, 9.42744970e-01,
             1.08854152e-01, 6.32499933e-01, 4.86029536e-01,
             5.16503155e-01, 8.11792677e-04, 2.91853938e-02,
             1.92307699e-02, 4.21052635e-01, 3.81756961e-01,
             6.93112135e-01, 1.78163275e-01, 5.34773767e-01,
             5.18927455e-01, 1.42509982e-01, 7.35266924e-01,
             1.25588700e-02, 4.29824561e-01, 6.15506768e-01,
             7.90624976e-01, 8.26428711e-01, 5.25396705e-01,
             5.02987862e-01, 2.88859457e-02, 6.06655955e-01,
             2.19780225e-02, 3.68421048e-01, 8.27118099e-01,
             5.76762795e-01, 5.52307665e-01, 5.03167450e-01,
             5.22171915e-01, 1.29787892e-04, 5.38825197e-03, 0.,
             3.42105269e-01, 5.11876903e-02, 2.16517836e-01,
             4.20000017e-01, 5.19887984e-01, 5.21288574e-01,
             2.17019375e-02, 5.09591520e-01, 2.19780225e-02,
             1.22807018e-01, 9.11058187e-01, 8.97459805e-01,
             5.06403565e-01, 4.92982537e-01, 5.06226301e-01,
             7.91639555e-04, 2.70641800e-02, 5.39811095e-03, 1.,
             4.44802284e-01, 4.99131888e-01, 2.20833331e-01,
             5.45860469e-01, 5.38888812e-01, 6.54320978e-03,
             1.94797516e-01, 1.02564104e-01, 3.15789461e-01,
             9.17569876e-01, 4.00290698e-01, 5.23255825e-01,
             4.99863207e-01, 5.12630999e-01, 1.76686756e-02,
             2.12271467e-01, 1.07334536e-02, 3.77192974e-01,
             6.36159241e-01, 3.42166662e-01, 7.04399943e-01,
             5.07450938e-01, 5.20941138e-01, 1.57037040e-03,
             5.45258150e-02, 5.23076952e-02, 2.19298244e-01,
             7.09648073e-01, 2.98711598e-01, 6.95789516e-01,
             5.02579927e-01, 5.22239208e-01, 5.10721281e-03,
             2.15680718e-01, 1.01214577e-03, 6.66666687e-01,
             7.34538019e-01, 5.26941240e-01, 6.06591046e-01,
             5.22727251e-01, 5.25846541e-01, 5.70987770e-03,
             2.40283549e-01, 6.99300738e-03, 3.85964930e-01,
             1.55984223e-01, 2.81688541e-01, 1.95789471e-01,
             5.42002082e-01, 5.17337382e-01, 8.00621435e-02,
             6.90147758e-01, 0., 3.33333343e-01, 6.05355203e-01,
             9.03000057e-01, 7.84800112e-01, 5.12784243e-01,
             5.23398459e-01, 5.69711905e-03, 2.42401019e-01,
             1.43589750e-02, 6.57894731e-01, 7.92268217e-01,
             8.12748849e-01, 1.36865675e-01, 5.15422761e-01,
             5.11852384e-01, 2.17799889e-03, 8.45352933e-02,
             2.18140092e-02, 5.87719321e-01, 8.83957982e-01,
             8.60535622e-01, 4.96571451e-01, 4.94509846e-01,
             5.09243608e-01, 5.56084746e-03, 2.33496368e-01,
             1.09890113e-02, 6.14035070e-01, 3.63238692e-01,
             8.98039341e-01, 2.61764765e-01, 5.23298740e-01,
             5.24798095e-01, 1.78286119e-03, 6.06070682e-02, 0.,
             2.98245609e-01, 3.71693730e-01, 9.07843113e-01,
             1.82500005e-01, 5.25432229e-01, 5.23413837e-01,
             1.12011600e-02, 2.67983794e-01, 1.13122175e-02,
             5.96491218e-01, 4.47612256e-01, 7.65307903e-01,
             3.14347863e-01, 5.36572933e-01, 5.31287372e-01,
             2.59796018e-03, 9.55357105e-02, 8.69565234e-02,
             2.01754391e-01, 4.80235577e-01, 7.07133830e-01,
             4.49393988e-01, 5.21330893e-01, 5.06595314e-01,
             2.20956945e+00, 7.70368278e-01, 3.26340348e-02,
             2.89473683e-01, 7.87442982e-01, 6.15872979e-01,
             5.82857192e-01, 5.12231529e-01, 5.28664827e-01,
             4.15637856e-03, 1.83065444e-01, 0., 1.84210524e-01,
             9.05314982e-01, 7.10763991e-01, 5.13148248e-01,
             4.93282586e-01, 5.09404421e-01, 4.45816171e-04,
             1.59608200e-02, 1.42450153e-03, 9.47368443e-01,
             4.73067939e-01, 3.21638882e-01, 2.95333326e-01,
             5.59895217e-01, 5.48339665e-01, 1.18798353e-02,
             3.05114716e-01, 8.82051438e-02, 6.57894731e-01,
             9.54235077e-01, 3.85706037e-01, 4.92222190e-01,
             4.98583913e-01, 5.09694874e-01, 9.91083682e-04,
             3.71813215e-02, 0., 3.15789461e-01, 2.34816581e-01,
             9.21875000e-01, 4.94666636e-01, 5.00261426e-01,
             5.19215584e-01, 1.36131682e-02, 2.76816040e-01,
             2.30769236e-02, 2.63157904e-01, 9.15015340e-01,
             2.85016030e-01, 5.60384691e-01, 4.94570136e-01,
             5.14328718e-01, 9.11680982e-04, 3.71508859e-02,
             1.18343197e-02, 2.28070170e-01, 6.32573009e-01,
             8.08242619e-01, 9.12173986e-01, 5.03154278e-01,
             5.08610308e-01, 1.58883515e-03, 5.99098764e-02,
             1.03678934e-01, 2.01754391e-01, 8.15573782e-02,
             7.16666728e-02, 4.50999975e-01, 5.61372519e-01,
             5.73137224e-01, 5.61419735e-03, 1.85539454e-01, 0.,
             1.75438598e-01, 7.78280050e-02, 1.93701595e-01,
             1.46744177e-01, 5.44003546e-01, 5.31965196e-01,
             1.27189222e-03, 4.32672128e-02, 7.15563539e-03,
             3.77192974e-01, 8.67486238e-01, 2.60416716e-01,
             6.58125103e-01, 4.91339952e-01, 5.16829908e-01,
             4.37242794e-04, 1.52321411e-02, 4.80769249e-03,
             4.21052635e-01, 8.93338680e-01, 6.31250024e-01,
             5.14889002e-01, 4.97167796e-01, 5.12156785e-01,
             5.69547340e-03, 2.03454420e-01, 3.41880345e-03,
             3.94736856e-01, 3.52150857e-01, 3.76425505e-01,
             3.13157916e-01, 5.43859661e-01, 5.16098976e-01,
             9.49727118e-01, 9.50251102e-01, 1.15384616e-01,
