%YAML:1.0
Dataset: data_test
Model: "DFS2_SFS1_1000_random_100_5_2_0.01_0_5"
FeatureCount: 1
Data:
   -
      VideoID: 138
      StartFrameNr: 0
      FrameCount: 700
      Clazz: 25
      Features: !!opencv-matrix
         rows: 92
         cols: 9
         dt: f
         data: [ 5.78649566e-02, 6.69791579e-01, 3.33333330e-04,
             4.98169929e-01, 4.97973859e-01, 0., 0., 0., 3.19148928e-01,
             4.00728583e-02, 5.31250060e-01, 2.22222210e-04,
             4.98039216e-01, 4.98126358e-01, 0., 0., 0., 2.39361688e-01,
             1.29423037e-01, 1.88522771e-01, 1.81818177e-04,
             4.97896641e-01, 4.98253107e-01, 7.31762091e-04,
             2.26409594e-03, 4.19580424e-03, 2.92553186e-01,
             4.26868275e-02, 4.73295480e-01, 0., 4.97967899e-01,
             4.98181820e-01, 0., 0., 0., 2.92553186e-01, 4.31582369e-02,
             3.98511827e-01, 0., 4.98039186e-01, 4.98039186e-01, 0., 0.,
             0., 1.86170205e-01, 8.45901668e-01, 3.85757536e-01,
             5.96727252e-01, 4.83208716e-01, 6.15614951e-01,
             8.02244712e-03, 3.39492977e-01, 8.39160848e-03,
             2.92553186e-01, 4.89243865e-01, 8.52976218e-02,
             3.82428557e-01, 5.24481773e-01, 5.53389132e-01,
             5.57755725e-03, 2.55337715e-01, 1.42857144e-02,
             3.72340411e-01, 3.60622793e-01, 8.45070481e-02,
             7.57324040e-01, 4.78486836e-01, 6.50704265e-01,
             6.34503970e-03, 2.83478111e-01, 1.40845068e-02,
             3.77659559e-01, 2.32281491e-01, 3.32236849e-02,
             2.10526306e-03, 4.98452038e-01, 4.98451978e-01,
             5.11510260e-02, 6.23447075e-02, 0., 1.01063825e-01,
             3.48311305e-01, 6.40436709e-01, 7.08433747e-01,
             5.35175800e-01, 5.44011176e-01, 5.56001766e-03,
             2.46557966e-01, 3.70713626e-03, 4.41489339e-01,
             1.15493663e-01, 3.93530756e-01, 2.10526306e-03,
             4.97626394e-01, 4.98864830e-01, 0., 0., 0., 1.01063825e-01,
             8.14299464e-01, 6.98504925e-01, 5.49529433e-01,
             4.90657538e-01, 5.99492610e-01, 6.66085631e-03,
             2.89845318e-01, 1.17647061e-02, 4.52127635e-01,
             9.64090645e-01, 1.67592570e-01, 0., 4.98039216e-01,
             4.98039216e-01, 0., 0., 0., 2.39361688e-01, 4.90509033e-01,
             6.06907904e-01, 6.57368481e-01, 5.13415813e-01,
             5.47781169e-01, 1.87134487e-03, 6.97616488e-02,
             1.01214588e-01, 2.02127650e-01, 7.06930637e-01,
             7.52766967e-01, 6.19999945e-01, 4.97855365e-01,
             5.84007144e-01, 1.41589530e-03, 4.97343987e-02,
             1.68269239e-02, 3.40425521e-01, 4.97658215e-02,
             1.95416704e-01, 0., 4.98117685e-01, 4.97960776e-01, 0., 0.,
             0., 2.65957445e-01, 9.08503413e-01, 9.17021573e-01,
             5.31914884e-05, 4.98226941e-01, 4.97893184e-01,
             1.97793520e-03, 4.22886759e-03, 2.86415732e-03,
             9.99999940e-01, 2.12243319e-01, 4.46366251e-01,
             4.62790728e-01, 5.79115272e-01, 5.43182731e-01,
             1.36950903e-03, 5.33211492e-02, 0., 2.28723392e-01,
             6.35294795e-01, 2.92599857e-01, 2.44999930e-01,
             5.16135514e-01, 5.33373892e-01, 7.31095625e-03,
             2.96919435e-01, 3.36538441e-02, 5.10638297e-01,
             7.94922411e-01, 2.68607914e-01, 2.77954608e-01,
             5.02049923e-01, 5.23796797e-01, 5.47643080e-02,
             5.54373503e-01, 1.74825185e-03, 2.34042540e-01,
             8.21086168e-01, 5.51532984e-01, 3.45660359e-01,
             4.95967478e-01, 5.53310990e-01, 9.03563946e-03,
             2.66327143e-01, 5.80551568e-03, 2.81914890e-01,
             3.43481638e-02, 2.59722173e-01, 0., 4.98039216e-01,
             4.98039216e-01, 0., 0., 0., 7.97872320e-02, 5.37470698e-01,
             9.76319313e-01, 3.34000021e-01, 5.10718942e-01,
             5.16732037e-01, 1.32967365e+00, 5.07867336e-01,
             2.05128212e-02, 1.59574464e-01, 3.46277922e-01,
             6.84118986e-01, 6.09835982e-01, 5.41497946e-01,
             5.51976860e-01, 2.98603494e-02, 2.86883950e-01,
             7.69230485e-01, 3.24468076e-01, 9.58770812e-01,
             7.44018734e-01, 0., 4.98102456e-01, 4.97975975e-01, 0., 0.,
             2.97766756e-02, 3.29787225e-01, 3.07099700e-01,
             7.82867253e-01, 7.73421049e-01, 5.27347624e-01,
             5.34468234e-01, 4.96101240e-03, 2.11572647e-01,
             1.01214577e-03, 4.04255301e-01, 4.48516130e-01,
             8.76332045e-01, 7.42131174e-01, 5.13982475e-01,
             5.46833575e-01, 4.57397290e-03, 1.97582543e-01, 0.,
             3.24468076e-01, 4.05005872e-01, 7.80729234e-01,
             6.17142856e-01, 5.45307994e-01, 5.50209880e-01,
             1.00264559e-02, 3.98503751e-01, 8.24175868e-03,
             2.97872335e-01, 2.54893988e-01, 4.23023522e-01,
             4.09230858e-01, 5.72247386e-01, 5.51885188e-01,
             7.09243305e-03, 2.73500353e-01, 1.28205130e-02,
             4.14893597e-01, 7.45691597e-01, 7.15758324e-01,
             1.59487188e-01, 5.19155204e-01, 5.32126725e-01,
             2.55935416e-02, 2.81535357e-01, 4.73372862e-02,
             2.07446799e-01, 8.30952406e-01, 7.83333480e-01,
             7.66666699e-03, 4.98954237e-01, 5.00130773e-01,
             4.98353923e-03, 1.94253232e-02, 0., 1.59574464e-01,
             1.73937753e-01, 5.20595253e-01, 2.21428603e-01,
             5.26498556e-01, 5.08907557e-01, 2.75520295e-01,
             6.89461172e-01, 7.25274757e-02, 1.86170205e-01,
             9.48166966e-01, 3.90858859e-01, 0., 4.98039216e-01,
             4.97879148e-01, 2.43890146e-03, 5.52656781e-03, 0.,
             2.60638297e-01, 4.61927027e-01, 9.05416787e-01,
             7.15714276e-01, 5.21232426e-01, 5.50812304e-01,
             2.65961210e-03, 1.13310538e-01, 3.23076904e-01,
             1.86170205e-01, 9.67505932e-01, 3.13020825e-01, 0.,
             4.98039186e-01, 4.98039186e-01, 0., 0., 1.92307699e-02,
             1.06382973e-01, 5.42198420e-01, 8.44973683e-01,
             4.98000085e-01, 5.16813636e-01, 5.43872237e-01,
             5.06481621e-03, 2.11585552e-01, 0., 4.25531894e-01,
             2.97131147e-02, 6.97916597e-02, 0., 4.98137236e-01,
             4.97941166e-01, 0., 0., 0., 2.12765947e-01, 6.48552954e-01,
             1.95293233e-01, 3.17777812e-01, 5.10965824e-01,
             5.37496805e-01, 1.36353895e-02, 2.26086438e-01,
             7.68280804e-01, 4.30851042e-01, 8.79696548e-01,
             6.30887628e-01, 0., 4.98209745e-01, 4.97868717e-01, 0., 0.,
             0., 1.22340418e-01, 3.03561330e-01, 2.15445414e-01,
             5.34655213e-01, 5.50439417e-01, 5.48816562e-01,
             5.08301379e-03, 2.47311413e-01, 1.32626004e-03,
             3.08510631e-01, 4.58196759e-01, 1.24333344e-01,
             4.86199975e-01, 5.14274538e-01, 5.87294281e-01,
             1.22481463e-02, 4.60113823e-01, 4.30769250e-02,
             2.65957445e-01, 3.08924377e-01, 2.95312494e-01,
             5.40714204e-01, 5.47759116e-01, 5.75490177e-01,
             5.01763588e-03, 2.06609175e-01, 8.24175715e-01,
             1.48936167e-01, 4.87119444e-02, 3.27083349e-01, 0.,
             4.98039216e-01, 4.98039216e-01, 0., 0., 0., 1.32978722e-01,
             4.82900798e-01, 1.55108452e-01, 5.21917760e-01,
             5.16787529e-01, 5.75503469e-01, 2.96653854e-03,
             1.27251402e-01, 5.26870415e-03, 3.88297856e-01,
             8.30879927e-01, 6.59970403e-01, 3.77380908e-01,
             5.02147436e-01, 5.54995239e-01, 1.29629637e-03,
             5.31031899e-02, 0., 2.23404244e-01, 6.13231897e-01,
             6.43083334e-01, 3.01200002e-01, 5.13725460e-01,
             5.35450995e-01, 6.36049407e-03, 2.78876990e-01,
             3.07692308e-03, 2.65957445e-01, 9.74824280e-02,
             2.70052046e-01, 0., 4.97941166e-01, 4.98137236e-01, 0., 0.,
             0., 2.12765947e-01, 4.71803874e-01, 3.20075780e-01,
