%YAML:1.0
Dataset: data_test
Model: "DFS2_SFS1_1000_random_100_5_2_0.01_0_5"
FeatureCount: 1
Data:
   -
      VideoID: 152
      StartFrameNr: 60701
      FrameCount: 686
      Clazz: 25
      Features: !!opencv-matrix
         rows: 97
         cols: 9
         dt: f
         data: [ 9.14649963e-02, 6.53703928e-01, 2.22222210e-04,
             4.98039216e-01, 4.98039216e-01, 0., 0., 0., 4.61538464e-01,
             1.00109689e-01, 5.51265776e-01, 0., 4.98039186e-01,
             4.98039186e-01, 0., 0., 0., 4.05128211e-01, 1.14623994e-01,
             1.87731504e-01, 0., 4.98039216e-01, 4.98039216e-01, 0., 0.,
             0., 2.30769232e-01, 3.20341364e-02, 4.84970212e-01, 0.,
             4.98039186e-01, 4.98039186e-01, 0., 0., 0., 3.58974367e-01,
             4.90339473e-02, 4.00520802e-01, 2.49999983e-04,
             4.98039186e-01, 4.98039186e-01, 0., 0., 0., 2.05128208e-01,
             6.93814933e-01, 3.49813998e-01, 3.32678527e-01,
             5.94327867e-01, 5.57633102e-01, 9.45767271e-04,
             3.19436118e-02, 2.06043962e-02, 2.87179500e-01,
             4.43820566e-01, 9.73484814e-02, 3.19545478e-01,
             6.14884198e-01, 5.76025069e-01, 5.58361411e-04,
             1.84539780e-02, 0., 2.25641027e-01, 2.97537237e-01,
             1.33131713e-01, 1.61935478e-01, 5.31562388e-01,
             5.19418061e-01, 6.17497973e-02, 7.01662242e-01,
             4.71464060e-02, 1.58974364e-01, 2.31577814e-01,
             5.39728701e-02, 0., 4.98039216e-01, 4.98039216e-01, 0., 0.,
             0., 2.20512822e-01, 3.12247217e-01, 6.85985029e-01,
             5.60227156e-01, 5.46969771e-01, 5.57664931e-01,
             5.72390563e-04, 1.96833201e-02, 0., 2.25641027e-01,
             7.92775750e-01, 7.91971207e-01, 5.38461492e-04,
             4.98039186e-01, 4.98099506e-01, 1.20607794e-04,
             4.77797585e-03, 5.32544404e-03, 6.66666687e-01,
             9.57259953e-01, 1.66249976e-01, 3.99999990e-04,
             4.98039216e-01, 4.98039216e-01, 0., 0., 0., 2.56410271e-01,
             3.37163329e-01, 6.58691347e-01, 4.32187468e-01,
             7.41789222e-01, 6.79228127e-01, 1.88831054e-02,
             3.77097189e-01, 0., 3.28205138e-01, 5.91793120e-01,
             8.51404130e-01, 4.29347873e-01, 5.88405669e-01,
             5.53281963e-01, 5.56092290e-03, 2.13887200e-01,
             6.35451525e-02, 2.35897437e-01, 8.01582992e-01,
             6.31573260e-01, 1.20689638e-03, 4.97904032e-01,
             4.98309702e-01, 3.59727565e-04, 1.42847160e-02,
             5.30504016e-03, 2.97435910e-01, 4.97658215e-02,
             1.95416704e-01, 0., 4.98039216e-01, 4.98039216e-01, 0., 0.,
             0., 2.56410271e-01, 9.07134056e-01, 9.16025937e-01,
             5.12820516e-05, 4.98039216e-01, 4.98039216e-01, 0., 0., 0.,
             1., 2.72376716e-01, 4.01575178e-01, 6.58780634e-01,
             5.09995341e-01, 5.35628796e-01, 3.61336977e-04,
             1.48415668e-02, 0., 2.10256413e-01, 8.36409867e-01,
             4.79370892e-01, 5.88235271e-04, 4.98346776e-01,
             4.98192996e-01, 2.78382970e-04, 1.15502719e-02, 0.,
             2.61538476e-01, 6.87453270e-01, 3.24468046e-01,
             3.81914914e-01, 6.03254139e-01, 5.59532642e-01,
             6.55897055e-03, 2.57241040e-01, 8.18330608e-03,
             2.41025642e-01, 7.73586452e-01, 3.30580324e-01,
             1.07142853e-03, 4.98179287e-01, 4.98459399e-01,
             3.21869476e-04, 1.30736614e-02, 3.84615399e-02,
             1.43589750e-01, 7.11644232e-01, 5.54747939e-01,
             4.76279020e-01, 5.59598804e-01, 5.36616504e-01,
             1.43554434e-03, 6.49655312e-02, 7.15563539e-03,
             2.20512822e-01, 3.43481638e-02, 2.59722173e-01, 0.,
             4.98039216e-01, 4.98039216e-01, 0., 0., 0., 7.69230798e-02,
             5.24439037e-01, 9.05040383e-01, 2.54838672e-02,
             5.11448503e-01, 5.06261885e-01, 1.20708887e-02,
             3.72480363e-01, 9.42928046e-02, 1.58974364e-01,
             6.89534187e-01, 9.40405250e-01, 6.42201747e-04,
             4.98111159e-01, 4.98039216e-01, 2.52010417e-04,
             9.74444300e-03, 4.23429767e-03, 5.58974385e-01,
             9.60277498e-01, 7.60897338e-01, 0., 4.98039186e-01,
             4.98039186e-01, 0., 0., 0., 3.33333343e-01, 4.17486280e-01,
             8.55231464e-01, 5.10888875e-01, 7.72287309e-01,
             6.94553435e-01, 7.41838152e-03, 1.71136141e-01, 0.,
             2.30769232e-01, 4.03320670e-01, 8.73397529e-01,
             5.93589723e-01, 5.86928129e-01, 5.59376419e-01,
             6.40709046e-03, 2.48646051e-01, 0., 2.00000003e-01,
             4.18145359e-01, 7.81971097e-01, 4.60961461e-01,
             5.85218370e-01, 5.71794927e-01, 7.52611668e-04,
             2.67967079e-02, 0., 2.66666681e-01, 3.68632913e-01,
             4.00846362e-01, 6.09687626e-01, 5.38603008e-01,
             5.69975376e-01, 4.47530858e-03, 1.95860878e-01, 0.,
             1.64102569e-01, 6.91695929e-01, 5.94444454e-01,
             3.00000012e-01, 6.06699347e-01, 5.74673176e-01,
             7.25308666e-04, 2.62452196e-02, 0., 1.23076931e-01,
             8.79157007e-01, 6.82639003e-01, 0., 4.98039186e-01,
             4.98039186e-01, 0., 0., 0., 3.84615391e-01, 4.51563060e-01,
             4.20601785e-01, 3.12222242e-01, 6.72580242e-01,
             6.18051887e-01, 1.00470316e-02, 2.45942265e-01, 0.,
             3.23076934e-01, 9.36475158e-01, 3.95659804e-01, 0.,
             4.98039216e-01, 4.98039216e-01, 0., 0., 0., 3.07692319e-01,
             3.68501186e-01, 7.94843793e-01, 6.21500015e-01,
             4.91862833e-01, 5.15392065e-01, 2.59259250e-04,
             1.03674205e-02, 0., 2.05128208e-01, 9.78629947e-01,
             3.28125000e-01, 0., 4.98039186e-01, 4.98039186e-01, 0., 0.,
             0., 1.02564104e-01, 4.92372036e-01, 8.79404902e-01,
             5.68857133e-01, 5.51596642e-01, 5.36582530e-01,
             1.76719576e-03, 7.29835927e-02, 0., 1.79487184e-01,
             2.97131147e-02, 6.97916597e-02, 0., 4.98039186e-01,
             4.98039186e-01, 0., 0., 0., 2.05128208e-01, 1.89175129e-01,
             2.64699072e-01, 0., 4.98148113e-01, 4.98039186e-01, 0., 0.,
             0., 1.84615389e-01, 9.03747082e-01, 2.77083308e-01, 0.,
             4.98039216e-01, 4.98039216e-01, 0., 0., 0., 1.28205135e-01,
             8.90319884e-01, 5.80555677e-01, 2.22222210e-04,
             4.98039216e-01, 4.98039216e-01, 0., 0., 0., 2.30769232e-01,
             4.20878947e-01, 2.00665534e-01, 2.72083223e-01,
             6.50000334e-01, 6.01034582e-01, 7.46399164e-03,
             2.13410780e-01, 0., 3.69230777e-01, 4.36603785e-01,
             2.29203194e-01, 3.18596452e-01, 6.40110016e-01,
             5.95390439e-01, 8.96686048e-04, 2.88643558e-02, 0.,
             2.92307705e-01, 1.66009307e-01, 3.94663662e-01,
             5.26315765e-04, 4.97970402e-01, 4.98108000e-01,
             4.98158988e-05, 2.06785789e-03, 4.04858310e-03,
             2.92307705e-01, 4.87119444e-02, 3.27083349e-01, 0.,
             4.98039216e-01, 4.98039216e-01, 0., 0., 0., 1.28205135e-01,
             6.47666454e-01, 7.62574315e-01, 2.81428546e-01,
             5.68207324e-01, 5.61204493e-01, 1.63139345e-03,
             5.82352690e-02, 1.09890113e-02, 1.43589750e-01,
             5.57649732e-01, 5.54337859e-01, 4.76438344e-01,
             6.00429475e-01, 5.70829928e-01, 4.76746168e-03,
             2.09177852e-01, 0., 3.74358982e-01, 9.74824280e-02,
             2.70052046e-01, 0., 4.98039186e-01, 4.98039186e-01, 0., 0.,
             0., 2.05128208e-01, 3.52554590e-01, 1.54209182e-01,
             7.35918343e-01, 5.16606808e-01, 5.41976750e-01,
             9.09706391e-03, 2.67451525e-01, 5.80847710e-02,
             2.51282066e-01, 3.91270041e-01, 2.60291219e-01,
             6.94819272e-01, 5.14906824e-01, 5.44578314e-01,
             4.99776856e-04, 1.84491631e-02, 2.78035225e-03,
             4.25641030e-01, 4.43076193e-01, 9.14112866e-01,
