%YAML:1.0
Dataset: data_test
Model: "DFS1_SFS1_1000_random_10_5_2_0.01_0_5"
FeatureCount: 1
Data:
   -
      VideoID: 103
      StartFrameNr: 78878
      FrameCount: 521
      Clazz: 1
      Features: !!opencv-matrix
         rows: 10
         cols: 10
         dt: f
         data: [ 1.68393075e-01, 8.93189073e-01, 4.06153828e-01,
             1.62477255e-01, 1.74136888e-02, 2.92446893e-02,
             2.39420339e-01, 2.33183861e-01, 2.99821585e-01,
             2.08531797e-01, 1.46458939e-01, 6.51977777e-01,
             4.09367085e-01, 2.19475761e-01, 1.16615137e-02,
             4.26363871e-02, 5.04773080e-01, 3.54260117e-01,
             4.08502638e-01, 8.28375936e-01, 1.13179363e-01,
             1.66882202e-01, 2.16551721e-01, 1.37523711e-01,
             1.65625792e-02, 1.25695821e-02, 3.16997260e-01,
             2.60089695e-01, 1.20172285e-01, 1.51023999e-01,
             2.94503868e-01, 3.90954643e-01, 4.06202525e-01,
             2.06917167e-01, 2.83065811e-02, 7.80228078e-02,
             5.87333441e-01, 3.54260117e-01, 8.05740297e-01,
             7.32393444e-01, 7.57051259e-02, 4.40534353e-01,
             2.13260844e-01, 1.17425501e-01, 2.73878723e-02,
             1.04344329e-02, 3.13967347e-01, 2.06278041e-01,
             1.15266390e-01, 5.72232962e-01, 8.05473447e-01,
             7.38863945e-01, 4.43183810e-01, 2.09526613e-01,
             7.06189487e-04, 1.79256760e-02, 2.63329744e-01, 1.,
             7.90632367e-01, 2.00995386e-01, 7.96165586e-01,
             1.57960221e-01, 6.08955085e-01, 1.59654573e-01,
             -3.99577059e-03, 2.90822163e-02, 4.43252087e-01,
             6.00896895e-01, 4.13117170e-01, 1.85416758e-01,
             5.72068870e-01, 4.21552867e-01, 2.47410014e-01,
             2.16790423e-01, 6.53713271e-02, 1.08667286e-02,
             2.73213983e-01, 6.23318434e-01, 4.22952950e-01,
             4.91857886e-01, 4.07894790e-01, 1.12472586e-01,
             3.47763181e-01, 1.96954027e-01, 7.97762256e-03,
             1.36315804e-02, 3.44177008e-01, 3.40807199e-01,
             9.46299136e-02, 3.94186020e-01, 3.99256319e-01,
             7.86568046e-01, 4.87806946e-01, 2.17502490e-01,
             7.10042566e-02, 2.22468879e-02, 4.14679140e-01,
             5.11210799e-01, 1.66292816e-01, 7.77376771e-01 ]
