%YAML:1.0
Dataset: data_test
Model: "DFS1_SFS1_1000_random_10_5_2_0.01_0_5"
FeatureCount: 1
Data:
   -
      VideoID: 106
      StartFrameNr: 50629
      FrameCount: 251
      Clazz: 1
      Features: !!opencv-matrix
         rows: 10
         cols: 10
         dt: f
         data: [ 2.91616827e-01, 8.52636218e-01, 2.94387788e-01,
             1.87128469e-01, 9.81841609e-02, 2.97672045e-03,
             9.35897082e-02, 5.47486007e-01, 2.44100183e-01,
             1.45940125e-01, 1.17065966e-01, 6.97516024e-01,
             5.01538396e-01, 1.65051475e-01, 1.81405231e-01,
             3.84108233e-03, 1.31220311e-01, 4.35754180e-01,
             6.32990658e-01, 8.35650742e-01, 1.19349234e-01,
             1.72569469e-01, 2.03030303e-01, 1.31591499e-01,
             8.47052857e-02, 1.23980828e-03, 6.40273765e-02,
             3.68715078e-01, 1.40920535e-01, 1.97142094e-01,
             3.16501230e-01, 4.80617911e-01, 4.14269656e-01,
             1.47040650e-01, 3.84853445e-02, 3.96322832e-03,
             1.57106653e-01, 4.97206688e-01, 1.24587312e-01,
             5.57705820e-01, 8.84433463e-02, 4.38690484e-01,
             3.93469393e-01, 1.60212070e-01, 1.45910293e-01,
             6.51147775e-03, 2.26006567e-01, 2.73743004e-01,
             2.11465627e-01, 8.11909795e-01, 8.78946245e-01,
             6.44250214e-01, 1.85642406e-01, 1.10544249e-01,
             6.03968054e-02, 1.02128200e-02, 1.74618945e-01, 1.,
             5.40723443e-01, 2.50777185e-01, 7.39898622e-01,
             1.89986095e-01, 4.43133354e-01, 1.32073566e-01,
             4.45669144e-02, 1.60347186e-02, 2.73976356e-01,
             8.37988794e-01, 8.02255392e-01, 1.29617095e-01,
             4.10950422e-01, 2.54670680e-01, 4.80322570e-01,
             1.10236183e-01, 1.75260305e-02, 1.39910698e-01,
             7.09481299e-01, 3.46368700e-01, 3.10566574e-01,
             4.36007440e-01, 4.11043108e-01, 1.34358972e-01,
             4.78153825e-01, 1.24288268e-01, 1.63537227e-02,
             1.02239586e-02, 3.20878983e-01, 3.63128483e-01,
             8.58201802e-01, 5.91905475e-01, 5.93762577e-01,
             7.29026914e-01, 4.44451362e-01, 1.73372447e-01,
             1.00297756e-01, 1.65835116e-02, 3.33057553e-01,
             9.16201115e-01, 4.00960207e-01, 5.47749996e-01 ]
