%YAML:1.0
Dataset: data_test
Model: "DFS1_SFS1_1000_random_10_5_2_0.01_0_5"
FeatureCount: 1
Data:
   -
      VideoID: 112
      StartFrameNr: 53952
      FrameCount: 41
      Clazz: 1
      Features: !!opencv-matrix
         rows: 10
         cols: 10
         dt: f
         data: [ 2.70614117e-01, 8.27052176e-01, 3.60746264e-01,
             2.44447082e-01, 1.88976377e-01, 1.65012628e-02,
             3.79442364e-01, 3.60215068e-01, 6.47450149e-01,
             8.01146507e-01, 4.63201970e-01, 8.94658625e-01,
             6.70319140e-01, 2.13854998e-01, 2.28095219e-01,
             2.19408181e-02, 2.42150083e-01, 5.05376339e-01,
             3.18327188e-01, 8.85540426e-01, 8.59604850e-02,
             1.39850423e-01, 4.18205112e-01, 1.89380109e-01,
             7.55097717e-02, 8.07374425e-04, 3.53498124e-02,
             2.09677413e-01, 9.54137370e-02, 1.92847237e-01,
             1.08701944e-01, 6.16175056e-01, 2.55056202e-01,
             1.55357033e-01, 9.50190052e-02, 3.14888661e-03,
             1.37444511e-01, 4.78494614e-01, 3.43549609e-01,
             1.08695686e-01, 1.78827986e-01, 3.57467294e-01,
             3.34494352e-01, 1.84995204e-01, 6.52039051e-02,
             3.21125449e-03, 1.36892140e-01, 4.78494614e-01,
             1.79613367e-01, 6.74664438e-01, 8.25685918e-01,
             7.41043687e-01, 3.03749949e-01, 1.64755300e-01,
             8.98237824e-02, 2.06405036e-02, 2.37137884e-01,
             9.89247322e-01, 8.63132954e-01, 6.54024839e-01,
             7.92368710e-01, 2.06261218e-01, 4.38709617e-01,
             2.81348020e-01, 1.25603452e-01, 7.03798048e-03,
             1.91420898e-01, 1., 7.64103055e-01, 1.88644662e-01,
             5.06450057e-01, 4.23750073e-01, 3.07000071e-01,
             1.90026313e-01, 6.27296343e-02, 2.73815468e-02,
             3.91252428e-01, 6.45161271e-01, 4.73243624e-01,
             3.43151122e-01, 3.62457275e-01, 1.25240386e-01,
             3.30256402e-01, 2.13809863e-01, 1.06803931e-01,
             3.96741228e-03, 1.62903070e-01, 4.19354826e-01,
             1.16350830e-01, 4.33825821e-01, 3.15031618e-01,
             6.40239239e-01, 1.39814824e-01, 1.73519954e-01,
             9.23009291e-02, 2.35690223e-03, 6.91563636e-02,
             2.90322572e-01, 3.30111533e-01, 4.79166657e-01 ]
