%YAML:1.0
Dataset: data_test
Model: "DFS1_SFS1_1000_random_10_5_2_0.01_0_5"
FeatureCount: 1
Data:
   -
      VideoID: 119
      StartFrameNr: 23499
      FrameCount: 360
      Clazz: 23
      Features: !!opencv-matrix
         rows: 10
         cols: 10
         dt: f
         data: [ 6.41100705e-02, 8.44986975e-01, 3.69687498e-01,
             1.28936976e-01, 1.27706662e-01, 4.50568907e-02,
             2.96269029e-01, 1.24031007e-01, 1.81322247e-01,
             7.56894946e-01, 1.48431912e-01, 4.71059680e-01,
             3.93478274e-01, 5.64874895e-02, 8.62718001e-02,
             1.13021126e-02, 2.93151826e-01, 1.78294569e-01,
             4.78989184e-01, 1.14891112e-01, 1.51901811e-01,
             1.45366386e-01, 3.08620691e-01, 1.40103146e-01,
             1.41732246e-01, 4.46475483e-03, 1.64536119e-01,
             2.24806204e-01, 1.09850690e-01, 1.27539068e-01,
             1.44815847e-01, 7.47916639e-01, 9.24545348e-01,
             1.28847491e-02, 9.87830851e-03, 3.58827971e-02,
             2.98796356e-01, 2.13178292e-01, 5.61017692e-01,
             3.90795410e-01, 2.57213116e-01, 3.71541619e-01,
             3.51599991e-01, 5.21259680e-02, 4.53543179e-02,
             1.03342563e-01, 6.84026361e-01, 1.93798453e-01,
             5.62373161e-01, 8.87083411e-01, 7.87711084e-01,
             7.20203578e-01, 1.90077484e-01, 1.10114269e-01,
             8.31350461e-02, 6.24295557e-03, 1.51260361e-01, 1.,
             5.24711192e-01, 7.00413167e-01, 4.84322131e-01,
             1.92245334e-01, 3.92222255e-01, 3.80577371e-02,
             -1.44356973e-02, 3.78223151e-01, 8.62587810e-01,
             6.97674453e-02, 8.12588155e-01, 2.22321451e-01,
             2.34608352e-01, 3.28865796e-01, 7.61555552e-01,
             2.52843332e-02, 3.35082971e-02, 8.55861604e-02,
             6.26537144e-01, 3.48837197e-01, 1.12442583e-01,
             3.42857182e-01, 7.01726973e-01, 2.06095323e-01,
             2.19738051e-01, 8.58234093e-02, 5.59433848e-02,
             1.43401427e-02, 2.79995859e-01, 8.87596905e-01,
             8.69919360e-01, 7.52160311e-01, 3.88451725e-01,
             7.23221540e-01, 7.00487673e-01, 3.32244933e-02,
             3.79296951e-02, 3.11504770e-02, 3.79134983e-01,
             6.35658920e-01, 2.71419913e-01, 4.36728358e-01 ]
