%YAML:1.0
Dataset: data_test
Model: "DFS1_SFS1_1000_random_10_5_2_0.01_0_5"
FeatureCount: 1
Data:
   -
      VideoID: 119
      StartFrameNr: 22965
      FrameCount: 495
      Clazz: 23
      Features: !!opencv-matrix
         rows: 10
         cols: 10
         dt: f
         data: [ 4.30483937e-01, 8.49444509e-01, 1.88666612e-01,
             7.26158917e-02, 6.61417097e-02, 1.52065028e-02,
             1.57422751e-01, 2.41286874e-01, 4.20804083e-01,
             2.02499986e-01, 1.76814929e-01, 6.58932626e-01,
             1.45342454e-01, 5.90011664e-02, 4.42239083e-02,
             1.48501610e-02, 3.06422412e-01, 1.95710465e-01,
             1.97973564e-01, 7.90292203e-01, 1.92691043e-01,
             1.14147283e-01, 2.05813944e-01, 1.13715418e-01,
             6.50063977e-02, 1.11023067e-02, 2.94875473e-01,
             1.15281507e-01, 1.24035016e-01, 3.13580245e-01,
             7.68309757e-02, 6.29640162e-01, 1.32272735e-01,
             5.13600446e-02, 3.99069302e-02, 1.51512015e-03,
             5.87466471e-02, 1.17962472e-01, 3.18289459e-01,
             4.51280117e-01, 7.79763907e-02, 2.62117356e-01,
             1.53877556e-01, 8.19540247e-02, 5.96175343e-02,
             5.23790775e-04, 2.25410052e-02, 1.31367296e-01,
             2.65954316e-01, 4.64843661e-02, 7.91016221e-01,
             4.72860843e-01, 5.99517345e-01, 9.60503053e-03,
             4.16500494e-02, 4.79753222e-03, 6.31044582e-02, 1.,
             7.85326838e-01, 4.89696175e-01, 4.52157974e-01,
             2.31845289e-01, 2.44285628e-01, 9.06917825e-02,
             7.74746761e-02, 9.91837867e-03, 2.02952281e-01,
             3.00268114e-01, 4.96438354e-01, 1.90740749e-01,
             2.53843784e-01, 4.68357593e-01, 6.89999878e-01,
             4.67876298e-03, 5.51180914e-02, 3.65516879e-02,
             5.21252513e-01, 1.84986606e-01, 8.82123411e-02,
             1.09259218e-01, 3.48360658e-01, 2.89583325e-01,
             2.95588195e-01, 9.00879800e-02, 5.39601557e-02,
             1.44788548e-01, 6.85873032e-01, 9.11528170e-02,
             9.21081901e-02, 4.99842763e-01, 4.76021111e-01,
             7.70022094e-01, 5.56460321e-01, 3.72796245e-02,
             4.05546501e-02, 2.66834274e-02, 3.59838724e-01,
             3.02949071e-01, 5.90643883e-01, 7.91547179e-01 ]
