%YAML:1.0
Dataset: data_test
Model: "DFS1_SFS1_1000_random_10_5_2_0.01_0_5"
FeatureCount: 1
Data:
   -
      VideoID: 138
      StartFrameNr: 0
      FrameCount: 700
      Clazz: 25
      Features: !!opencv-matrix
         rows: 10
         cols: 10
         dt: f
         data: [ 1.23033002e-01, 8.65606725e-01, 1.92982424e-03,
             1.38140633e-04, 9.66984371e-04, 8.87366571e-03,
             1.73500981e-02, 2.24409446e-01, 1.39326781e-01,
             8.59079659e-01, 8.90163928e-02, 6.02041662e-01,
             3.40000028e-03, 2.83464580e-03, 2.36220448e-03,
             1.96528924e-03, 2.32948754e-02, 1.96850389e-01,
             1.03332102e-01, 6.07236743e-01, 8.31772014e-02,
             2.01736137e-01, 0., 0., 0., 1.17906334e-03, 1.48195708e-02,
             1.18110240e-01, 9.80003551e-02, 3.73798043e-01,
             3.07786942e-01, 4.11622018e-01, 4.34214234e-01,
             5.85489124e-02, 8.13836157e-02, 4.47402569e-03,
             1.74044877e-01, 5.51181078e-01, 8.20904672e-01,
             1.60197377e-01, 7.08796829e-02, 3.78841132e-01,
             9.37499979e-04, -2.46062991e-04, 9.84251965e-04, 0., 0.,
             1.25984251e-01, 5.23028933e-02, 4.88749981e-01,
             8.79639745e-01, 6.49200678e-01, 1.60068512e-01,
             1.59637537e-02, 3.25746872e-02, 6.84423884e-03,
             6.16859011e-02, 5.74803174e-01, 8.05898130e-01,
             7.35104918e-01, 7.07905650e-01, 2.14639381e-01,
             3.94304812e-01, 7.90932402e-03, 1.11260258e-01,
             5.36977639e-03, 1.68379128e-01, 8.77952754e-01,
             5.86819351e-01, 2.20664099e-01, 3.48220229e-01,
             1.40000015e-01, 6.47799909e-01, -2.48818826e-02,
             2.40787372e-01, 5.13583561e-03, 2.54742533e-01,
             1.96850389e-01, 3.63893121e-01, 5.76348066e-01,
             1.07728332e-01, 5.25462963e-02, 0., 0., 0., 0., 0.,
             7.08661377e-02, 1.27264902e-01, 1.34466395e-01,
             5.15830994e-01, 7.70431459e-01, 6.11338735e-01,
             8.23052451e-02, 6.44182339e-02, 8.44860915e-03,
             2.05547839e-01, 1., 3.36056381e-01, 3.75065625e-01 ]
