%YAML:1.0
Dataset: data_test
Model: "DFS1_SFS1_1000_random_10_5_2_0.01_0_5"
FeatureCount: 1
Data:
   -
      VideoID: 152
      StartFrameNr: 60701
      FrameCount: 686
      Clazz: 25
      Features: !!opencv-matrix
         rows: 10
         cols: 10
         dt: f
         data: [ 1.51075572e-01, 8.90547872e-01, 3.70370370e-04, 0., 0.,
             1.20906028e-04, 4.94761812e-03, 2.98342556e-01,
             1.63567081e-01, 9.04779494e-01, 1.04215443e-01,
             6.39062464e-01, 1.17647042e-03, 0., -9.26354784e-04,
             2.26057367e-04, 1.04444521e-02, 3.75690609e-01,
             1.22653104e-01, 6.89936519e-01, 1.32277444e-01,
             1.30445912e-01, 1.40350871e-03, -1.10512506e-03,
             -4.14421869e-04, 4.45121055e-04, 1.40841957e-02,
             3.14917147e-01, 1.65228665e-01, 1.12134501e-01,
             4.21220422e-01, 5.36631942e-01, 2.67777771e-01,
             -2.66841576e-02, -1.96850374e-02, 2.26195175e-02,
             6.27739668e-01, 1.98895037e-01, 5.30727684e-01,
             2.52729833e-01, 9.13123712e-02, 3.71394187e-01,
             5.76923077e-04, -6.05693494e-04, -1.51423374e-04,
             2.00254290e-04, 7.40701985e-03, 2.87292838e-01,
             1.05480097e-01, 4.98291731e-01, 8.31910551e-01,
             7.86157012e-01, 1.32530124e-03, -3.79470643e-04,
             9.48676607e-05, 1.80225034e-04, 8.18906352e-03,
             9.17127132e-01, 8.47314537e-01, 7.87735939e-01,
             5.20807922e-01, 2.09986895e-01, 7.07222223e-01,
             -2.50593573e-02, 3.64954248e-02, 1.26787357e-03,
             5.75609617e-02, 6.96132600e-01, 4.88976479e-01,
             2.81744421e-01, 3.36401671e-01, 4.21467483e-01,
             6.90695584e-01, -2.21157055e-02, 2.82095075e-02,
             9.52209870e-04, 4.07287404e-02, 6.35359168e-01,
             4.80299205e-01, 7.09100842e-01, 8.38956654e-01,
             1.96235597e-01, 1.17241382e-03, -8.68856790e-04,
             5.43035567e-05, 2.83214584e-04, 1.17025422e-02,
             8.01105022e-01, 8.54246795e-01, 1.97996169e-01,
             4.92974371e-01, 7.18404531e-01, 5.62707305e-01,
             -4.17627208e-03, 3.94135639e-02, 1.17985497e-03,
             5.98659888e-02, 1., 1.06133819e-01, 3.08156013e-01 ]
