%YAML:1.0
Dataset: data_test
Model: "SFS_1000_random_10_5_2_0.01_0"
FeatureCount: 1
Data:
   -
      VideoID: 103
      StartFrameNr: 78878
      FrameCount: 521
      Clazz: 1
      Features: !!opencv-matrix
         rows: 10
         cols: 8
         dt: f
         data: [ 2.16715038e-01, 8.06949675e-01, 5.25970221e-01,
             1.78223148e-01, 6.72229379e-02, 3.08459513e-02,
             4.19941187e-01, 7.12765932e-01, 9.59106535e-02,
             5.08782089e-01, 3.10769200e-01, 2.00363472e-01,
             2.31374893e-02, 1.89533178e-02, 4.30898160e-01,
             3.45744669e-01, 1.28634259e-01, 2.03810975e-01,
             2.58292764e-01, 1.26752451e-01, 3.05358078e-02,
             1.64818913e-02, 3.55218500e-01, 4.36170191e-01,
             3.42245549e-01, 5.14837980e-01, 3.79666656e-01,
             2.03937039e-01, 4.11198474e-02, 1.55472951e-02,
             3.39288056e-01, 4.78723377e-01, 1.87300399e-01,
             5.32007575e-01, 5.30909121e-01, 1.63564771e-01,
             -5.69076575e-02, 2.76979744e-01, 8.18420768e-01,
             1.17021270e-01, 8.31736863e-01, 6.80607140e-01,
             3.79255384e-01, 1.94923803e-01, 9.92628466e-03,
             1.63303912e-02, 2.68587768e-01, 9.99999940e-01,
             8.14003229e-01, 1.51306242e-01, 7.09999979e-01,
             1.55168191e-01, 1.56230433e-02, 1.33036934e-02,
             3.49675387e-01, 6.70212746e-01, 5.72228312e-01,
             3.14752758e-01, 3.31870019e-01, 1.92305312e-01,
             2.90634297e-02, 2.09772438e-02, 3.92047614e-01,
             6.54255271e-01, 3.71659100e-01, 1.23908728e-01,
             2.87777781e-01, 1.53855756e-01, 3.94950509e-02,
             5.78285288e-03, 2.01575369e-01, 3.35106373e-01,
             5.84155798e-01, 8.60124469e-01, 4.24392462e-01,
             2.15100527e-01, 3.22319418e-02, 1.09371776e-02,
             1.86202615e-01, 5.69148898e-01 ]
