%YAML:1.0
Dataset: data_test
Model: "SFS_1000_random_10_5_2_0.01_0"
FeatureCount: 1
Data:
   -
      VideoID: 119
      StartFrameNr: 22965
      FrameCount: 495
      Clazz: 23
      Features: !!opencv-matrix
         rows: 10
         cols: 8
         dt: f
         data: [ 1.00067466e-01, 7.36016810e-01, 3.38813514e-01,
             5.23154773e-02, 3.04283891e-02, 3.03445514e-02,
             4.46651220e-01, 2.07017541e-01, 2.53362596e-01,
             7.83425510e-01, 2.08407089e-01, 5.56755401e-02,
             4.40387279e-02, 4.07122448e-03, 1.41566113e-01,
             3.96491230e-01, 1.30873099e-01, 2.04850286e-01,
             1.82968721e-01, 9.64566618e-02, 6.88976124e-02,
             1.99896703e-03, 7.91207254e-02, 2.24561408e-01,
             4.13141370e-01, 5.05379796e-01, 2.68101275e-01,
             7.09657818e-02, 3.99680920e-02, 1.20546082e-02,
             2.98260927e-01, 2.77192980e-01, 1.17253654e-01,
             4.07091320e-01, 2.00384602e-01, 7.51059726e-02,
             4.40641902e-02, 6.58686459e-03, 2.12657958e-01,
             1.82456151e-01, 7.78684258e-01, 3.54320168e-01,
             6.85964942e-01, 1.32338684e-02, 4.54759672e-02,
             2.30175979e-03, 8.71187076e-02, 1., 4.80213702e-01,
             1.51709393e-01, 2.23717928e-01, 9.59014371e-02,
             6.67272136e-02, 1.45955533e-02, 2.31660947e-01,
             2.73684204e-01, 2.48161867e-01, 4.18653041e-01,
             3.63023281e-01, 4.66947332e-02, 4.94414894e-03,
             2.18691185e-01, 7.80406058e-01, 1.50877193e-01,
             2.50490546e-01, 1.40427932e-01, 2.52702683e-01,
             1.08959325e-01, 4.55415994e-02, 2.22643875e-02,
             4.13130373e-01, 1.29824564e-01, 7.10593939e-01,
             8.38727951e-01, 5.15947342e-01, 2.34148297e-02,
             2.36634798e-02, 2.47632973e-02, 1.89674646e-01,
             6.66666687e-01 ]
