%YAML:1.0
Dataset: data_test
Model: "SFS_1000_random_10_5_2_0.01_0"
FeatureCount: 1
Data:
   -
      VideoID: 138
      StartFrameNr: 0
      FrameCount: 700
      Clazz: 25
      Features: !!opencv-matrix
         rows: 9
         cols: 8
         dt: f
         data: [ 1.29418984e-01, 9.02926564e-01, 7.14285579e-03,
             5.62429719e-04, 5.62429719e-04, 1.40466345e-02,
             2.46078204e-02, 1.59695819e-01, 8.88758823e-02,
             6.79895759e-01, 2.74999952e-03, -2.36220425e-03,
             1.96850370e-03, 3.07438010e-03, 1.21904844e-02,
             1.52091250e-01, 1.24967471e-01, 9.01620463e-02,
             6.16666675e-02, 2.01224871e-02, 1.61854755e-02,
             1.50432903e-03, 3.83110158e-02, 1.36882126e-01,
             5.06743155e-02, 4.80747104e-01, 1.03448273e-03,
             -8.14553350e-04, 8.14553350e-04, 0., 0., 1.10266156e-01,
             7.91129991e-02, 2.78385401e-01, 1.56249991e-03,
             4.92125982e-04, 7.38188974e-04, 2.60072318e-03,
             1.52023593e-02, 1.21673003e-01, 7.63764322e-01,
             7.02471614e-01, 2.69543737e-01, 9.85000469e-03,
             9.01769996e-02, 8.28741677e-03, 1.35783374e-01, 1.,
             6.91487670e-01, 2.07670003e-01, 2.85795927e-01,
             2.72537265e-02, 8.20505098e-02, 1.00291623e-02,
             1.54315785e-01, 9.31558907e-01, 3.08199793e-01,
             3.28363270e-01, 6.92941129e-01, 5.90293780e-02,
             8.30117315e-02, 9.21855960e-03, 1.78351879e-01,
             5.81749022e-01, 3.81557286e-01, 7.77773321e-01,
             7.11562037e-01, 3.40058915e-02, 9.50295776e-02,
             8.03525560e-03, 9.67700258e-02, 6.08364999e-01 ]
