%YAML:1.0
Dataset: data_test
Model: SFS1
Distance: "SMD_GD_L2_M0_D0_C0_L0.1"
VideoID: 103
StartFrameNr: 78878
FrameCount: 521
Clazz: 1
AP: 7.5555562973022461e-01
ResultCount: 7
Data:
   -
      VideoID: 103
      StartFrameNr: 78878
      FrameCount: 521
      Clazz: 1
      Distance: 0.
      Precision: 1.
   -
      VideoID: 119
      StartFrameNr: 23499
      FrameCount: 360
      Clazz: 23
      Distance: 2.7221395969390869e+00
      Precision: 5.0000000000000000e-01
   -
      VideoID: 106
      StartFrameNr: 50629
      FrameCount: 251
      Clazz: 1
      Distance: 2.9065380096435547e+00
      Precision: 6.6666668653488159e-01
   -
      VideoID: 119
      StartFrameNr: 22965
      FrameCount: 495
      Clazz: 23
      Distance: 3.1845653057098389e+00
      Precision: 5.0000000000000000e-01
   -
      VideoID: 112
      StartFrameNr: 53952
      FrameCount: 41
      Clazz: 1
      Distance: 3.3441450595855713e+00
      Precision: 6.0000002384185791e-01
   -
      VideoID: 138
      StartFrameNr: 0
      FrameCount: 700
      Clazz: 25
      Distance: 3.7573001384735107e+00
      Precision: 5.0000000000000000e-01
   -
      VideoID: 152
      StartFrameNr: 60701
      FrameCount: 686
      Clazz: 25
      Distance: 4.4994454383850098e+00
      Precision: 4.2857143282890320e-01
