%YAML:1.0
Dataset: data_test
Model: SFS1
Distance: "SMD_GD_L2_M0_D0_C0_L0.1"
VideoID: 112
StartFrameNr: 53952
FrameCount: 41
Clazz: 1
AP: 8.3333331346511841e-01
ResultCount: 7
Data:
   -
      VideoID: 112
      StartFrameNr: 53952
      FrameCount: 41
      Clazz: 1
      Distance: 0.
      Precision: 1.
   -
      VideoID: 106
      StartFrameNr: 50629
      FrameCount: 251
      Clazz: 1
      Distance: 2.8902220726013184e+00
      Precision: 1.
   -
      VideoID: 138
      StartFrameNr: 0
      FrameCount: 700
      Clazz: 25
      Distance: 2.9469738006591797e+00
      Precision: 6.6666668653488159e-01
   -
      VideoID: 119
      StartFrameNr: 23499
      FrameCount: 360
      Clazz: 23
      Distance: 3.0220801830291748e+00
      Precision: 5.0000000000000000e-01
   -
      VideoID: 119
      StartFrameNr: 22965
      FrameCount: 495
      Clazz: 23
      Distance: 3.0886471271514893e+00
      Precision: 4.0000000596046448e-01
   -
      VideoID: 103
      StartFrameNr: 78878
      FrameCount: 521
      Clazz: 1
      Distance: 3.3450608253479004e+00
      Precision: 5.0000000000000000e-01
   -
      VideoID: 152
      StartFrameNr: 60701
      FrameCount: 686
      Clazz: 25
      Distance: 3.5350198745727539e+00
      Precision: 4.2857143282890320e-01
