%YAML:1.0
Dataset: data_test
Model: SFS1
Distance: "SMD_GD_L2_M0_D0_C0_L0.1"
VideoID: 138
StartFrameNr: 0
FrameCount: 700
Clazz: 25
AP: 1.
ResultCount: 7
Data:
   -
      VideoID: 138
      StartFrameNr: 0
      FrameCount: 700
      Clazz: 25
      Distance: 0.
      Precision: 1.
   -
      VideoID: 152
      StartFrameNr: 60701
      FrameCount: 686
      Clazz: 25
      Distance: 2.7756364345550537e+00
      Precision: 1.
   -
      VideoID: 112
      StartFrameNr: 53952
      FrameCount: 41
      Clazz: 1
      Distance: 3.0027520656585693e+00
      Precision: 6.6666668653488159e-01
   -
      VideoID: 106
      StartFrameNr: 50629
      FrameCount: 251
      Clazz: 1
      Distance: 3.0778689384460449e+00
      Precision: 5.0000000000000000e-01
   -
      VideoID: 119
      StartFrameNr: 22965
      FrameCount: 495
      Clazz: 23
      Distance: 3.0823173522949219e+00
      Precision: 4.0000000596046448e-01
   -
      VideoID: 119
      StartFrameNr: 23499
      FrameCount: 360
      Clazz: 23
      Distance: 3.1030857563018799e+00
      Precision: 3.3333334326744080e-01
   -
      VideoID: 103
      StartFrameNr: 78878
      FrameCount: 521
      Clazz: 1
      Distance: 3.7382991313934326e+00
      Precision: 2.8571429848670959e-01
