%YAML:1.0
Dataset: data_test
Model: "SFS_1000_random_10_5_2_0.01_0"
FeatureCount: 1
Data:
   -
      VideoID: 119
      StartFrameNr: 23499
      FrameCount: 360
      Clazz: 23
      Features: !!opencv-matrix
         rows: 10
         cols: 8
         dt: f
         data: [ 5.49423814e-01, 8.29449952e-01, 3.08240056e-01,
             9.73858610e-02, 5.77007644e-02, 2.04358585e-02,
             3.35419387e-01, 5.00000000e-01, 7.42495134e-02,
             5.66635072e-01, 2.65151501e-01, 9.21020955e-02,
             1.00572623e-01, 1.99217536e-02, 3.68878365e-01,
             2.63999999e-01, 1.42040566e-01, 1.66831151e-01,
             3.78552645e-01, 1.89080000e-01, 2.02548727e-01,
             6.50453707e-03, 2.24258497e-01, 3.04000020e-01,
             3.99765730e-01, 7.05300927e-01, 4.51555580e-01,
             5.33683151e-02, 2.86964010e-02, 1.77631289e-01,
             7.60630488e-01, 3.60000014e-01, 1.84879139e-01,
             4.57429260e-01, 3.00377369e-01, 1.35789588e-01,
             9.84994546e-02, 4.66552330e-03, 1.61871701e-01,
             2.12000012e-01, 8.41231823e-01, 5.48166394e-01,
             2.18880042e-01, 1.13889880e-01, 8.04410204e-02,
             1.07391262e-02, 2.26288721e-01, 1., 5.67476630e-01,
             1.91640586e-01, 4.87999856e-01, 1.90452844e-01,
             1.18405506e-01, 3.89059931e-02, 5.32202601e-01,
             3.20000023e-01, 4.45143312e-01, 3.96408737e-01,
             3.44095200e-01, 1.30558729e-01, 7.87401348e-02,
             2.04942953e-02, 3.92992437e-01, 4.20000017e-01,
             6.54322743e-01, 3.94965298e-02, 6.62361205e-01,
             1.46981642e-01, 2.05818042e-01, 4.92244726e-03,
             1.82447240e-01, 2.88000017e-01, 1.96030006e-01,
             7.61546254e-01, 8.79156828e-01, 3.73778455e-02,
             2.17246879e-02, 3.78162675e-02, 2.88440973e-01,
             3.32000017e-01 ]
