%YAML:1.0
Dataset: data_test
Model: "SFS_1000_random_10_5_2_0.01_0"
FeatureCount: 1
Data:
   -
      VideoID: 152
      StartFrameNr: 60701
      FrameCount: 686
      Clazz: 25
      Features: !!opencv-matrix
         rows: 10
         cols: 8
         dt: f
         data: [ 2.22601518e-01, 9.14971828e-01, 1.10169491e-02,
             1.56145729e-02, 0., 2.55124434e-03, 8.86977389e-02,
             2.58771926e-01, 1.27548546e-01, 6.98651969e-01, 0., 0., 0.,
             0., 0., 2.98245609e-01, 1.12629034e-01, 1.53086439e-01, 0.,
             0., 0., 0., 0., 2.36842111e-01, 1.09266661e-01,
             4.99632418e-01, 7.84313714e-04, 1.69831724e-03,
             7.71962339e-04, 1.79873590e-04, 7.55489944e-03,
             2.23684207e-01, 1.26727149e-01, 3.37395847e-01,
             2.49999983e-04, 1.96850393e-04, 1.96850393e-04, 0., 0.,
             1.75438598e-01, 8.59042525e-01, 7.81847119e-01,
             2.58741272e-03, 7.70882645e-04, -4.40504373e-04,
             5.96428348e-04, 2.05520056e-02, 6.27192974e-01,
             8.13250244e-01, 1.86294526e-01, 8.49056691e-02,
             4.13014293e-02, 2.03040615e-02, 9.16835619e-04,
             3.76351066e-02, 6.97368443e-01, 4.20942068e-01,
             3.25517595e-01, 2.93540448e-01, 2.56223440e-01,
             1.48334861e-01, 1.74426404e-03, 7.87187293e-02,
             7.06140339e-01, 3.74548972e-01, 6.00788333e-02,
             7.16216266e-02, 8.68269727e-02, 4.83081415e-02,
             1.28083210e-03, 6.64927214e-02, 1.62280709e-01,
             5.42406321e-01, 6.87436104e-01, 5.54824531e-01,
             2.25169361e-01, 9.86325294e-02, 4.09779511e-03,
             1.60286605e-01, 1. ]
